
 LIST ALL SELECTED ELEMENTS.  (LIST NODES)
 
    ELEM MAT TYP REL ESY SEC        NODES
 
       1   1   1   1   0   1      1     3   217   118
       2   1   1   1   0   1      3     4   316   217
       3   1   1   1   0   1      4     5   415   316
       4   1   1   1   0   1      5     6   514   415
       5   1   1   1   0   1      6     7   613   514
       6   1   1   1   0   1      7     8   712   613
       7   1   1   1   0   1      8     9   811   712
       8   1   1   1   0   1      9     2    11   811
       9   1   1   1   0   1    118   217   218   119
      10   1   1   1   0   1    217   316   317   218
      11   1   1   1   0   1    316   415   416   317
      12   1   1   1   0   1    415   514   515   416
      13   1   1   1   0   1    514   613   614   515
      14   1   1   1   0   1    613   712   713   614
      15   1   1   1   0   1    712   811   812   713
      16   1   1   1   0   1    811    11    12   812
      17   1   1   1   0   1    119   218   219   120
      18   1   1   1   0   1    218   317   318   219
      19   1   1   1   0   1    317   416   417   318
      20   1   1   1   0   1    416   515   516   417
 
    ELEM MAT TYP REL ESY SEC        NODES
 
      21   1   1   1   0   1    515   614   615   516
      22   1   1   1   0   1    614   713   714   615
      23   1   1   1   0   1    713   812   813   714
      24   1   1   1   0   1    812    12    13   813
      25   1   1   1   0   1    120   219   220   121
      26   1   1   1   0   1    219   318   319   220
      27   1   1   1   0   1    318   417   418   319
      28   1   1   1   0   1    417   516   517   418
      29   1   1   1   0   1    516   615   616   517
      30   1   1   1   0   1    615   714   715   616
      31   1   1   1   0   1    714   813   814   715
      32   1   1   1   0   1    813    13    14   814
      33   1   1   1   0   1    121   220   221   122
      34   1   1   1   0   1    220   319   320   221
      35   1   1   1   0   1    319   418   419   320
      36   1   1   1   0   1    418   517   518   419
      37   1   1   1   0   1    517   616   617   518
      38   1   1   1   0   1    616   715   716   617
      39   1   1   1   0   1    715   814   815   716
      40   1   1   1   0   1    814    14    15   815
 
    ELEM MAT TYP REL ESY SEC        NODES
 
      41   1   1   1   0   1    122   221   222   123
      42   1   1   1   0   1    221   320   321   222
      43   1   1   1   0   1    320   419   420   321
      44   1   1   1   0   1    419   518   519   420
      45   1   1   1   0   1    518   617   618   519
      46   1   1   1   0   1    617   716   717   618
      47   1   1   1   0   1    716   815   816   717
      48   1   1   1   0   1    815    15    16   816
      49   1   1   1   0   1    123   222   223   124
      50   1   1   1   0   1    222   321   322   223
      51   1   1   1   0   1    321   420   421   322
      52   1   1   1   0   1    420   519   520   421
      53   1   1   1   0   1    519   618   619   520
      54   1   1   1   0   1    618   717   718   619
      55   1   1   1   0   1    717   816   817   718
      56   1   1   1   0   1    816    16    17   817
      57   1   1   1   0   1    124   223   224   125
      58   1   1   1   0   1    223   322   323   224
      59   1   1   1   0   1    322   421   422   323
      60   1   1   1   0   1    421   520   521   422
 
    ELEM MAT TYP REL ESY SEC        NODES
 
      61   1   1   1   0   1    520   619   620   521
      62   1   1   1   0   1    619   718   719   620
      63   1   1   1   0   1    718   817   818   719
      64   1   1   1   0   1    817    17    18   818
      65   1   1   1   0   1    125   224   225   126
      66   1   1   1   0   1    224   323   324   225
      67   1   1   1   0   1    323   422   423   324
      68   1   1   1   0   1    422   521   522   423
      69   1   1   1   0   1    521   620   621   522
      70   1   1   1   0   1    620   719   720   621
      71   1   1   1   0   1    719   818   819   720
      72   1   1   1   0   1    818    18    19   819
      73   1   1   1   0   1    126   225   226   127
      74   1   1   1   0   1    225   324   325   226
      75   1   1   1   0   1    324   423   424   325
      76   1   1   1   0   1    423   522   523   424
      77   1   1   1   0   1    522   621   622   523
      78   1   1   1   0   1    621   720   721   622
      79   1   1   1   0   1    720   819   820   721
      80   1   1   1   0   1    819    19    20   820
 
    ELEM MAT TYP REL ESY SEC        NODES
 
      81   1   1   1   0   1    127   226   227   128
      82   1   1   1   0   1    226   325   326   227
      83   1   1   1   0   1    325   424   425   326
      84   1   1   1   0   1    424   523   524   425
      85   1   1   1   0   1    523   622   623   524
      86   1   1   1   0   1    622   721   722   623
      87   1   1   1   0   1    721   820   821   722
      88   1   1   1   0   1    820    20    21   821
      89   1   1   1   0   1    128   227   228   129
      90   1   1   1   0   1    227   326   327   228
      91   1   1   1   0   1    326   425   426   327
      92   1   1   1   0   1    425   524   525   426
      93   1   1   1   0   1    524   623   624   525
      94   1   1   1   0   1    623   722   723   624
      95   1   1   1   0   1    722   821   822   723
      96   1   1   1   0   1    821    21    22   822
      97   1   1   1   0   1    129   228   229   130
      98   1   1   1   0   1    228   327   328   229
      99   1   1   1   0   1    327   426   427   328
     100   1   1   1   0   1    426   525   526   427
 
    ELEM MAT TYP REL ESY SEC        NODES
 
     101   1   1   1   0   1    525   624   625   526
     102   1   1   1   0   1    624   723   724   625
     103   1   1   1   0   1    723   822   823   724
     104   1   1   1   0   1    822    22    23   823
     105   1   1   1   0   1    130   229   230   131
     106   1   1   1   0   1    229   328   329   230
     107   1   1   1   0   1    328   427   428   329
     108   1   1   1   0   1    427   526   527   428
     109   1   1   1   0   1    526   625   626   527
     110   1   1   1   0   1    625   724   725   626
     111   1   1   1   0   1    724   823   824   725
     112   1   1   1   0   1    823    23    24   824
     113   1   1   1   0   1    131   230   231   132
     114   1   1   1   0   1    230   329   330   231
     115   1   1   1   0   1    329   428   429   330
     116   1   1   1   0   1    428   527   528   429
     117   1   1   1   0   1    527   626   627   528
     118   1   1   1   0   1    626   725   726   627
     119   1   1   1   0   1    725   824   825   726
     120   1   1   1   0   1    824    24    25   825
 
    ELEM MAT TYP REL ESY SEC        NODES
 
     121   1   1   1   0   1    132   231   232   133
     122   1   1   1   0   1    231   330   331   232
     123   1   1   1   0   1    330   429   430   331
     124   1   1   1   0   1    429   528   529   430
     125   1   1   1   0   1    528   627   628   529
     126   1   1   1   0   1    627   726   727   628
     127   1   1   1   0   1    726   825   826   727
     128   1   1   1   0   1    825    25    26   826
     129   1   1   1   0   1    133   232   233   134
     130   1   1   1   0   1    232   331   332   233
     131   1   1   1   0   1    331   430   431   332
     132   1   1   1   0   1    430   529   530   431
     133   1   1   1   0   1    529   628   629   530
     134   1   1   1   0   1    628   727   728   629
     135   1   1   1   0   1    727   826   827   728
     136   1   1   1   0   1    826    26    27   827
     137   1   1   1   0   1    134   233   234   135
     138   1   1   1   0   1    233   332   333   234
     139   1   1   1   0   1    332   431   432   333
     140   1   1   1   0   1    431   530   531   432
 
    ELEM MAT TYP REL ESY SEC        NODES
 
     141   1   1   1   0   1    530   629   630   531
     142   1   1   1   0   1    629   728   729   630
     143   1   1   1   0   1    728   827   828   729
     144   1   1   1   0   1    827    27    28   828
     145   1   1   1   0   1    135   234   235   136
     146   1   1   1   0   1    234   333   334   235
     147   1   1   1   0   1    333   432   433   334
     148   1   1   1   0   1    432   531   532   433
     149   1   1   1   0   1    531   630   631   532
     150   1   1   1   0   1    630   729   730   631
     151   1   1   1   0   1    729   828   829   730
     152   1   1   1   0   1    828    28    29   829
     153   1   1   1   0   1    136   235   236   137
     154   1   1   1   0   1    235   334   335   236
     155   1   1   1   0   1    334   433   434   335
     156   1   1   1   0   1    433   532   533   434
     157   1   1   1   0   1    532   631   632   533
     158   1   1   1   0   1    631   730   731   632
     159   1   1   1   0   1    730   829   830   731
     160   1   1   1   0   1    829    29    30   830
 
    ELEM MAT TYP REL ESY SEC        NODES
 
     161   1   1   1   0   1    137   236   237   138
     162   1   1   1   0   1    236   335   336   237
     163   1   1   1   0   1    335   434   435   336
     164   1   1   1   0   1    434   533   534   435
     165   1   1   1   0   1    533   632   633   534
     166   1   1   1   0   1    632   731   732   633
     167   1   1   1   0   1    731   830   831   732
     168   1   1   1   0   1    830    30    31   831
     169   1   1   1   0   1    138   237   238   139
     170   1   1   1   0   1    237   336   337   238
     171   1   1   1   0   1    336   435   436   337
     172   1   1   1   0   1    435   534   535   436
     173   1   1   1   0   1    534   633   634   535
     174   1   1   1   0   1    633   732   733   634
     175   1   1   1   0   1    732   831   832   733
     176   1   1   1   0   1    831    31    32   832
     177   1   1   1   0   1    139   238   239   140
     178   1   1   1   0   1    238   337   338   239
     179   1   1   1   0   1    337   436   437   338
     180   1   1   1   0   1    436   535   536   437
 
    ELEM MAT TYP REL ESY SEC        NODES
 
     181   1   1   1   0   1    535   634   635   536
     182   1   1   1   0   1    634   733   734   635
     183   1   1   1   0   1    733   832   833   734
     184   1   1   1   0   1    832    32    33   833
     185   1   1   1   0   1    140   239   240   141
     186   1   1   1   0   1    239   338   339   240
     187   1   1   1   0   1    338   437   438   339
     188   1   1   1   0   1    437   536   537   438
     189   1   1   1   0   1    536   635   636   537
     190   1   1   1   0   1    635   734   735   636
     191   1   1   1   0   1    734   833   834   735
     192   1   1   1   0   1    833    33    34   834
     193   1   1   1   0   1    141   240   241   142
     194   1   1   1   0   1    240   339   340   241
     195   1   1   1   0   1    339   438   439   340
     196   1   1   1   0   1    438   537   538   439
     197   1   1   1   0   1    537   636   637   538
     198   1   1   1   0   1    636   735   736   637
     199   1   1   1   0   1    735   834   835   736
     200   1   1   1   0   1    834    34    35   835
 
    ELEM MAT TYP REL ESY SEC        NODES
 
     201   1   1   1   0   1    142   241   242   143
     202   1   1   1   0   1    241   340   341   242
     203   1   1   1   0   1    340   439   440   341
     204   1   1   1   0   1    439   538   539   440
     205   1   1   1   0   1    538   637   638   539
     206   1   1   1   0   1    637   736   737   638
     207   1   1   1   0   1    736   835   836   737
     208   1   1   1   0   1    835    35    36   836
     209   1   1   1   0   1    143   242   243   144
     210   1   1   1   0   1    242   341   342   243
     211   1   1   1   0   1    341   440   441   342
     212   1   1   1   0   1    440   539   540   441
     213   1   1   1   0   1    539   638   639   540
     214   1   1   1   0   1    638   737   738   639
     215   1   1   1   0   1    737   836   837   738
     216   1   1   1   0   1    836    36    37   837
     217   1   1   1   0   1    144   243   244   145
     218   1   1   1   0   1    243   342   343   244
     219   1   1   1   0   1    342   441   442   343
     220   1   1   1   0   1    441   540   541   442
 
    ELEM MAT TYP REL ESY SEC        NODES
 
     221   1   1   1   0   1    540   639   640   541
     222   1   1   1   0   1    639   738   739   640
     223   1   1   1   0   1    738   837   838   739
     224   1   1   1   0   1    837    37    38   838
     225   1   1   1   0   1    145   244   245   146
     226   1   1   1   0   1    244   343   344   245
     227   1   1   1   0   1    343   442   443   344
     228   1   1   1   0   1    442   541   542   443
     229   1   1   1   0   1    541   640   641   542
     230   1   1   1   0   1    640   739   740   641
     231   1   1   1   0   1    739   838   839   740
     232   1   1   1   0   1    838    38    39   839
     233   1   1   1   0   1    146   245   246   147
     234   1   1   1   0   1    245   344   345   246
     235   1   1   1   0   1    344   443   444   345
     236   1   1   1   0   1    443   542   543   444
     237   1   1   1   0   1    542   641   642   543
     238   1   1   1   0   1    641   740   741   642
     239   1   1   1   0   1    740   839   840   741
     240   1   1   1   0   1    839    39    40   840
 
    ELEM MAT TYP REL ESY SEC        NODES
 
     241   1   1   1   0   1    147   246   247   148
     242   1   1   1   0   1    246   345   346   247
     243   1   1   1   0   1    345   444   445   346
     244   1   1   1   0   1    444   543   544   445
     245   1   1   1   0   1    543   642   643   544
     246   1   1   1   0   1    642   741   742   643
     247   1   1   1   0   1    741   840   841   742
     248   1   1   1   0   1    840    40    41   841
     249   1   1   1   0   1    148   247   248   149
     250   1   1   1   0   1    247   346   347   248
     251   1   1   1   0   1    346   445   446   347
     252   1   1   1   0   1    445   544   545   446
     253   1   1   1   0   1    544   643   644   545
     254   1   1   1   0   1    643   742   743   644
     255   1   1   1   0   1    742   841   842   743
     256   1   1   1   0   1    841    41    42   842
     257   1   1   1   0   1    149   248   249   150
     258   1   1   1   0   1    248   347   348   249
     259   1   1   1   0   1    347   446   447   348
     260   1   1   1   0   1    446   545   546   447
 
    ELEM MAT TYP REL ESY SEC        NODES
 
     261   1   1   1   0   1    545   644   645   546
     262   1   1   1   0   1    644   743   744   645
     263   1   1   1   0   1    743   842   843   744
     264   1   1   1   0   1    842    42    43   843
     265   1   1   1   0   1    150   249   250   151
     266   1   1   1   0   1    249   348   349   250
     267   1   1   1   0   1    348   447   448   349
     268   1   1   1   0   1    447   546   547   448
     269   1   1   1   0   1    546   645   646   547
     270   1   1   1   0   1    645   744   745   646
     271   1   1   1   0   1    744   843   844   745
     272   1   1   1   0   1    843    43    44   844
     273   1   1   1   0   1    151   250   251   152
     274   1   1   1   0   1    250   349   350   251
     275   1   1   1   0   1    349   448   449   350
     276   1   1   1   0   1    448   547   548   449
     277   1   1   1   0   1    547   646   647   548
     278   1   1   1   0   1    646   745   746   647
     279   1   1   1   0   1    745   844   845   746
     280   1   1   1   0   1    844    44    45   845
 
    ELEM MAT TYP REL ESY SEC        NODES
 
     281   1   1   1   0   1    152   251   252   153
     282   1   1   1   0   1    251   350   351   252
     283   1   1   1   0   1    350   449   450   351
     284   1   1   1   0   1    449   548   549   450
     285   1   1   1   0   1    548   647   648   549
     286   1   1   1   0   1    647   746   747   648
     287   1   1   1   0   1    746   845   846   747
     288   1   1   1   0   1    845    45    46   846
     289   1   1   1   0   1    153   252   253   154
     290   1   1   1   0   1    252   351   352   253
     291   1   1   1   0   1    351   450   451   352
     292   1   1   1   0   1    450   549   550   451
     293   1   1   1   0   1    549   648   649   550
     294   1   1   1   0   1    648   747   748   649
     295   1   1   1   0   1    747   846   847   748
     296   1   1   1   0   1    846    46    47   847
     297   1   1   1   0   1    154   253   254   155
     298   1   1   1   0   1    253   352   353   254
     299   1   1   1   0   1    352   451   452   353
     300   1   1   1   0   1    451   550   551   452
 
    ELEM MAT TYP REL ESY SEC        NODES
 
     301   1   1   1   0   1    550   649   650   551
     302   1   1   1   0   1    649   748   749   650
     303   1   1   1   0   1    748   847   848   749
     304   1   1   1   0   1    847    47    48   848
     305   1   1   1   0   1    155   254   255   156
     306   1   1   1   0   1    254   353   354   255
     307   1   1   1   0   1    353   452   453   354
     308   1   1   1   0   1    452   551   552   453
     309   1   1   1   0   1    551   650   651   552
     310   1   1   1   0   1    650   749   750   651
     311   1   1   1   0   1    749   848   849   750
     312   1   1   1   0   1    848    48    49   849
     313   1   1   1   0   1    156   255   256   157
     314   1   1   1   0   1    255   354   355   256
     315   1   1   1   0   1    354   453   454   355
     316   1   1   1   0   1    453   552   553   454
     317   1   1   1   0   1    552   651   652   553
     318   1   1   1   0   1    651   750   751   652
     319   1   1   1   0   1    750   849   850   751
     320   1   1   1   0   1    849    49    50   850
 
    ELEM MAT TYP REL ESY SEC        NODES
 
     321   1   1   1   0   1    157   256   257   158
     322   1   1   1   0   1    256   355   356   257
     323   1   1   1   0   1    355   454   455   356
     324   1   1   1   0   1    454   553   554   455
     325   1   1   1   0   1    553   652   653   554
     326   1   1   1   0   1    652   751   752   653
     327   1   1   1   0   1    751   850   851   752
     328   1   1   1   0   1    850    50    51   851
     329   1   1   1   0   1    158   257   258   159
     330   1   1   1   0   1    257   356   357   258
     331   1   1   1   0   1    356   455   456   357
     332   1   1   1   0   1    455   554   555   456
     333   1   1   1   0   1    554   653   654   555
     334   1   1   1   0   1    653   752   753   654
     335   1   1   1   0   1    752   851   852   753
     336   1   1   1   0   1    851    51    52   852
     337   1   1   1   0   1    159   258   259   160
     338   1   1   1   0   1    258   357   358   259
     339   1   1   1   0   1    357   456   457   358
     340   1   1   1   0   1    456   555   556   457
 
    ELEM MAT TYP REL ESY SEC        NODES
 
     341   1   1   1   0   1    555   654   655   556
     342   1   1   1   0   1    654   753   754   655
     343   1   1   1   0   1    753   852   853   754
     344   1   1   1   0   1    852    52    53   853
     345   1   1   1   0   1    160   259   260   161
     346   1   1   1   0   1    259   358   359   260
     347   1   1   1   0   1    358   457   458   359
     348   1   1   1   0   1    457   556   557   458
     349   1   1   1   0   1    556   655   656   557
     350   1   1   1   0   1    655   754   755   656
     351   1   1   1   0   1    754   853   854   755
     352   1   1   1   0   1    853    53    54   854
     353   1   1   1   0   1    161   260   261   162
     354   1   1   1   0   1    260   359   360   261
     355   1   1   1   0   1    359   458   459   360
     356   1   1   1   0   1    458   557   558   459
     357   1   1   1   0   1    557   656   657   558
     358   1   1   1   0   1    656   755   756   657
     359   1   1   1   0   1    755   854   855   756
     360   1   1   1   0   1    854    54    55   855
 
    ELEM MAT TYP REL ESY SEC        NODES
 
     361   1   1   1   0   1    162   261   262   163
     362   1   1   1   0   1    261   360   361   262
     363   1   1   1   0   1    360   459   460   361
     364   1   1   1   0   1    459   558   559   460
     365   1   1   1   0   1    558   657   658   559
     366   1   1   1   0   1    657   756   757   658
     367   1   1   1   0   1    756   855   856   757
     368   1   1   1   0   1    855    55    56   856
     369   1   1   1   0   1    163   262   263   164
     370   1   1   1   0   1    262   361   362   263
     371   1   1   1   0   1    361   460   461   362
     372   1   1   1   0   1    460   559   560   461
     373   1   1   1   0   1    559   658   659   560
     374   1   1   1   0   1    658   757   758   659
     375   1   1   1   0   1    757   856   857   758
     376   1   1   1   0   1    856    56    57   857
     377   1   1   1   0   1    164   263   264   165
     378   1   1   1   0   1    263   362   363   264
     379   1   1   1   0   1    362   461   462   363
     380   1   1   1   0   1    461   560   561   462
 
    ELEM MAT TYP REL ESY SEC        NODES
 
     381   1   1   1   0   1    560   659   660   561
     382   1   1   1   0   1    659   758   759   660
     383   1   1   1   0   1    758   857   858   759
     384   1   1   1   0   1    857    57    58   858
     385   1   1   1   0   1    165   264   265   166
     386   1   1   1   0   1    264   363   364   265
     387   1   1   1   0   1    363   462   463   364
     388   1   1   1   0   1    462   561   562   463
     389   1   1   1   0   1    561   660   661   562
     390   1   1   1   0   1    660   759   760   661
     391   1   1   1   0   1    759   858   859   760
     392   1   1   1   0   1    858    58    59   859
     393   1   1   1   0   1    166   265   266   167
     394   1   1   1   0   1    265   364   365   266
     395   1   1   1   0   1    364   463   464   365
     396   1   1   1   0   1    463   562   563   464
     397   1   1   1   0   1    562   661   662   563
     398   1   1   1   0   1    661   760   761   662
     399   1   1   1   0   1    760   859   860   761
     400   1   1   1   0   1    859    59    60   860
 
    ELEM MAT TYP REL ESY SEC        NODES
 
     401   1   1   1   0   1    167   266   267   168
     402   1   1   1   0   1    266   365   366   267
     403   1   1   1   0   1    365   464   465   366
     404   1   1   1   0   1    464   563   564   465
     405   1   1   1   0   1    563   662   663   564
     406   1   1   1   0   1    662   761   762   663
     407   1   1   1   0   1    761   860   861   762
     408   1   1   1   0   1    860    60    61   861
     409   1   1   1   0   1    168   267   268   169
     410   1   1   1   0   1    267   366   367   268
     411   1   1   1   0   1    366   465   466   367
     412   1   1   1   0   1    465   564   565   466
     413   1   1   1   0   1    564   663   664   565
     414   1   1   1   0   1    663   762   763   664
     415   1   1   1   0   1    762   861   862   763
     416   1   1   1   0   1    861    61    62   862
     417   1   1   1   0   1    169   268   269   170
     418   1   1   1   0   1    268   367   368   269
     419   1   1   1   0   1    367   466   467   368
     420   1   1   1   0   1    466   565   566   467
 
    ELEM MAT TYP REL ESY SEC        NODES
 
     421   1   1   1   0   1    565   664   665   566
     422   1   1   1   0   1    664   763   764   665
     423   1   1   1   0   1    763   862   863   764
     424   1   1   1   0   1    862    62    63   863
     425   1   1   1   0   1    170   269   270   171
     426   1   1   1   0   1    269   368   369   270
     427   1   1   1   0   1    368   467   468   369
     428   1   1   1   0   1    467   566   567   468
     429   1   1   1   0   1    566   665   666   567
     430   1   1   1   0   1    665   764   765   666
     431   1   1   1   0   1    764   863   864   765
     432   1   1   1   0   1    863    63    64   864
     433   1   1   1   0   1    171   270   271   172
     434   1   1   1   0   1    270   369   370   271
     435   1   1   1   0   1    369   468   469   370
     436   1   1   1   0   1    468   567   568   469
     437   1   1   1   0   1    567   666   667   568
     438   1   1   1   0   1    666   765   766   667
     439   1   1   1   0   1    765   864   865   766
     440   1   1   1   0   1    864    64    65   865
 
    ELEM MAT TYP REL ESY SEC        NODES
 
     441   1   1   1   0   1    172   271   272   173
     442   1   1   1   0   1    271   370   371   272
     443   1   1   1   0   1    370   469   470   371
     444   1   1   1   0   1    469   568   569   470
     445   1   1   1   0   1    568   667   668   569
     446   1   1   1   0   1    667   766   767   668
     447   1   1   1   0   1    766   865   866   767
     448   1   1   1   0   1    865    65    66   866
     449   1   1   1   0   1    173   272   273   174
     450   1   1   1   0   1    272   371   372   273
     451   1   1   1   0   1    371   470   471   372
     452   1   1   1   0   1    470   569   570   471
     453   1   1   1   0   1    569   668   669   570
     454   1   1   1   0   1    668   767   768   669
     455   1   1   1   0   1    767   866   867   768
     456   1   1   1   0   1    866    66    67   867
     457   1   1   1   0   1    174   273   274   175
     458   1   1   1   0   1    273   372   373   274
     459   1   1   1   0   1    372   471   472   373
     460   1   1   1   0   1    471   570   571   472
 
    ELEM MAT TYP REL ESY SEC        NODES
 
     461   1   1   1   0   1    570   669   670   571
     462   1   1   1   0   1    669   768   769   670
     463   1   1   1   0   1    768   867   868   769
     464   1   1   1   0   1    867    67    68   868
     465   1   1   1   0   1    175   274   275   176
     466   1   1   1   0   1    274   373   374   275
     467   1   1   1   0   1    373   472   473   374
     468   1   1   1   0   1    472   571   572   473
     469   1   1   1   0   1    571   670   671   572
     470   1   1   1   0   1    670   769   770   671
     471   1   1   1   0   1    769   868   869   770
     472   1   1   1   0   1    868    68    69   869
     473   1   1   1   0   1    176   275   276   177
     474   1   1   1   0   1    275   374   375   276
     475   1   1   1   0   1    374   473   474   375
     476   1   1   1   0   1    473   572   573   474
     477   1   1   1   0   1    572   671   672   573
     478   1   1   1   0   1    671   770   771   672
     479   1   1   1   0   1    770   869   870   771
     480   1   1   1   0   1    869    69    70   870
 
    ELEM MAT TYP REL ESY SEC        NODES
 
     481   1   1   1   0   1    177   276   277   178
     482   1   1   1   0   1    276   375   376   277
     483   1   1   1   0   1    375   474   475   376
     484   1   1   1   0   1    474   573   574   475
     485   1   1   1   0   1    573   672   673   574
     486   1   1   1   0   1    672   771   772   673
     487   1   1   1   0   1    771   870   871   772
     488   1   1   1   0   1    870    70    71   871
     489   1   1   1   0   1    178   277   278   179
     490   1   1   1   0   1    277   376   377   278
     491   1   1   1   0   1    376   475   476   377
     492   1   1   1   0   1    475   574   575   476
     493   1   1   1   0   1    574   673   674   575
     494   1   1   1   0   1    673   772   773   674
     495   1   1   1   0   1    772   871   872   773
     496   1   1   1   0   1    871    71    72   872
     497   1   1   1   0   1    179   278   279   180
     498   1   1   1   0   1    278   377   378   279
     499   1   1   1   0   1    377   476   477   378
     500   1   1   1   0   1    476   575   576   477
 
    ELEM MAT TYP REL ESY SEC        NODES
 
     501   1   1   1   0   1    575   674   675   576
     502   1   1   1   0   1    674   773   774   675
     503   1   1   1   0   1    773   872   873   774
     504   1   1   1   0   1    872    72    73   873
     505   1   1   1   0   1    180   279   280   181
     506   1   1   1   0   1    279   378   379   280
     507   1   1   1   0   1    378   477   478   379
     508   1   1   1   0   1    477   576   577   478
     509   1   1   1   0   1    576   675   676   577
     510   1   1   1   0   1    675   774   775   676
     511   1   1   1   0   1    774   873   874   775
     512   1   1   1   0   1    873    73    74   874
     513   1   1   1   0   1    181   280   281   182
     514   1   1   1   0   1    280   379   380   281
     515   1   1   1   0   1    379   478   479   380
     516   1   1   1   0   1    478   577   578   479
     517   1   1   1   0   1    577   676   677   578
     518   1   1   1   0   1    676   775   776   677
     519   1   1   1   0   1    775   874   875   776
     520   1   1   1   0   1    874    74    75   875
 
    ELEM MAT TYP REL ESY SEC        NODES
 
     521   1   1   1   0   1    182   281   282   183
     522   1   1   1   0   1    281   380   381   282
     523   1   1   1   0   1    380   479   480   381
     524   1   1   1   0   1    479   578   579   480
     525   1   1   1   0   1    578   677   678   579
     526   1   1   1   0   1    677   776   777   678
     527   1   1   1   0   1    776   875   876   777
     528   1   1   1   0   1    875    75    76   876
     529   1   1   1   0   1    183   282   283   184
     530   1   1   1   0   1    282   381   382   283
     531   1   1   1   0   1    381   480   481   382
     532   1   1   1   0   1    480   579   580   481
     533   1   1   1   0   1    579   678   679   580
     534   1   1   1   0   1    678   777   778   679
     535   1   1   1   0   1    777   876   877   778
     536   1   1   1   0   1    876    76    77   877
     537   1   1   1   0   1    184   283   284   185
     538   1   1   1   0   1    283   382   383   284
     539   1   1   1   0   1    382   481   482   383
     540   1   1   1   0   1    481   580   581   482
 
    ELEM MAT TYP REL ESY SEC        NODES
 
     541   1   1   1   0   1    580   679   680   581
     542   1   1   1   0   1    679   778   779   680
     543   1   1   1   0   1    778   877   878   779
     544   1   1   1   0   1    877    77    78   878
     545   1   1   1   0   1    185   284   285   186
     546   1   1   1   0   1    284   383   384   285
     547   1   1   1   0   1    383   482   483   384
     548   1   1   1   0   1    482   581   582   483
     549   1   1   1   0   1    581   680   681   582
     550   1   1   1   0   1    680   779   780   681
     551   1   1   1   0   1    779   878   879   780
     552   1   1   1   0   1    878    78    79   879
     553   1   1   1   0   1    186   285   286   187
     554   1   1   1   0   1    285   384   385   286
     555   1   1   1   0   1    384   483   484   385
     556   1   1   1   0   1    483   582   583   484
     557   1   1   1   0   1    582   681   682   583
     558   1   1   1   0   1    681   780   781   682
     559   1   1   1   0   1    780   879   880   781
     560   1   1   1   0   1    879    79    80   880
 
    ELEM MAT TYP REL ESY SEC        NODES
 
     561   1   1   1   0   1    187   286   287   188
     562   1   1   1   0   1    286   385   386   287
     563   1   1   1   0   1    385   484   485   386
     564   1   1   1   0   1    484   583   584   485
     565   1   1   1   0   1    583   682   683   584
     566   1   1   1   0   1    682   781   782   683
     567   1   1   1   0   1    781   880   881   782
     568   1   1   1   0   1    880    80    81   881
     569   1   1   1   0   1    188   287   288   189
     570   1   1   1   0   1    287   386   387   288
     571   1   1   1   0   1    386   485   486   387
     572   1   1   1   0   1    485   584   585   486
     573   1   1   1   0   1    584   683   684   585
     574   1   1   1   0   1    683   782   783   684
     575   1   1   1   0   1    782   881   882   783
     576   1   1   1   0   1    881    81    82   882
     577   1   1   1   0   1    189   288   289   190
     578   1   1   1   0   1    288   387   388   289
     579   1   1   1   0   1    387   486   487   388
     580   1   1   1   0   1    486   585   586   487
 
    ELEM MAT TYP REL ESY SEC        NODES
 
     581   1   1   1   0   1    585   684   685   586
     582   1   1   1   0   1    684   783   784   685
     583   1   1   1   0   1    783   882   883   784
     584   1   1   1   0   1    882    82    83   883
     585   1   1   1   0   1    190   289   290   191
     586   1   1   1   0   1    289   388   389   290
     587   1   1   1   0   1    388   487   488   389
     588   1   1   1   0   1    487   586   587   488
     589   1   1   1   0   1    586   685   686   587
     590   1   1   1   0   1    685   784   785   686
     591   1   1   1   0   1    784   883   884   785
     592   1   1   1   0   1    883    83    84   884
     593   1   1   1   0   1    191   290   291   192
     594   1   1   1   0   1    290   389   390   291
     595   1   1   1   0   1    389   488   489   390
     596   1   1   1   0   1    488   587   588   489
     597   1   1   1   0   1    587   686   687   588
     598   1   1   1   0   1    686   785   786   687
     599   1   1   1   0   1    785   884   885   786
     600   1   1   1   0   1    884    84    85   885
 
    ELEM MAT TYP REL ESY SEC        NODES
 
     601   1   1   1   0   1    192   291   292   193
     602   1   1   1   0   1    291   390   391   292
     603   1   1   1   0   1    390   489   490   391
     604   1   1   1   0   1    489   588   589   490
     605   1   1   1   0   1    588   687   688   589
     606   1   1   1   0   1    687   786   787   688
     607   1   1   1   0   1    786   885   886   787
     608   1   1   1   0   1    885    85    86   886
     609   1   1   1   0   1    193   292   293   194
     610   1   1   1   0   1    292   391   392   293
     611   1   1   1   0   1    391   490   491   392
     612   1   1   1   0   1    490   589   590   491
     613   1   1   1   0   1    589   688   689   590
     614   1   1   1   0   1    688   787   788   689
     615   1   1   1   0   1    787   886   887   788
     616   1   1   1   0   1    886    86    87   887
     617   1   1   1   0   1    194   293   294   195
     618   1   1   1   0   1    293   392   393   294
     619   1   1   1   0   1    392   491   492   393
     620   1   1   1   0   1    491   590   591   492
 
    ELEM MAT TYP REL ESY SEC        NODES
 
     621   1   1   1   0   1    590   689   690   591
     622   1   1   1   0   1    689   788   789   690
     623   1   1   1   0   1    788   887   888   789
     624   1   1   1   0   1    887    87    88   888
     625   1   1   1   0   1    195   294   295   196
     626   1   1   1   0   1    294   393   394   295
     627   1   1   1   0   1    393   492   493   394
     628   1   1   1   0   1    492   591   592   493
     629   1   1   1   0   1    591   690   691   592
     630   1   1   1   0   1    690   789   790   691
     631   1   1   1   0   1    789   888   889   790
     632   1   1   1   0   1    888    88    89   889
     633   1   1   1   0   1    196   295   296   197
     634   1   1   1   0   1    295   394   395   296
     635   1   1   1   0   1    394   493   494   395
     636   1   1   1   0   1    493   592   593   494
     637   1   1   1   0   1    592   691   692   593
     638   1   1   1   0   1    691   790   791   692
     639   1   1   1   0   1    790   889   890   791
     640   1   1   1   0   1    889    89    90   890
 
    ELEM MAT TYP REL ESY SEC        NODES
 
     641   1   1   1   0   1    197   296   297   198
     642   1   1   1   0   1    296   395   396   297
     643   1   1   1   0   1    395   494   495   396
     644   1   1   1   0   1    494   593   594   495
     645   1   1   1   0   1    593   692   693   594
     646   1   1   1   0   1    692   791   792   693
     647   1   1   1   0   1    791   890   891   792
     648   1   1   1   0   1    890    90    91   891
     649   1   1   1   0   1    198   297   298   199
     650   1   1   1   0   1    297   396   397   298
     651   1   1   1   0   1    396   495   496   397
     652   1   1   1   0   1    495   594   595   496
     653   1   1   1   0   1    594   693   694   595
     654   1   1   1   0   1    693   792   793   694
     655   1   1   1   0   1    792   891   892   793
     656   1   1   1   0   1    891    91    92   892
     657   1   1   1   0   1    199   298   299   200
     658   1   1   1   0   1    298   397   398   299
     659   1   1   1   0   1    397   496   497   398
     660   1   1   1   0   1    496   595   596   497
 
    ELEM MAT TYP REL ESY SEC        NODES
 
     661   1   1   1   0   1    595   694   695   596
     662   1   1   1   0   1    694   793   794   695
     663   1   1   1   0   1    793   892   893   794
     664   1   1   1   0   1    892    92    93   893
     665   1   1   1   0   1    200   299   300   201
     666   1   1   1   0   1    299   398   399   300
     667   1   1   1   0   1    398   497   498   399
     668   1   1   1   0   1    497   596   597   498
     669   1   1   1   0   1    596   695   696   597
     670   1   1   1   0   1    695   794   795   696
     671   1   1   1   0   1    794   893   894   795
     672   1   1   1   0   1    893    93    94   894
     673   1   1   1   0   1    201   300   301   202
     674   1   1   1   0   1    300   399   400   301
     675   1   1   1   0   1    399   498   499   400
     676   1   1   1   0   1    498   597   598   499
     677   1   1   1   0   1    597   696   697   598
     678   1   1   1   0   1    696   795   796   697
     679   1   1   1   0   1    795   894   895   796
     680   1   1   1   0   1    894    94    95   895
 
    ELEM MAT TYP REL ESY SEC        NODES
 
     681   1   1   1   0   1    202   301   302   203
     682   1   1   1   0   1    301   400   401   302
     683   1   1   1   0   1    400   499   500   401
     684   1   1   1   0   1    499   598   599   500
     685   1   1   1   0   1    598   697   698   599
     686   1   1   1   0   1    697   796   797   698
     687   1   1   1   0   1    796   895   896   797
     688   1   1   1   0   1    895    95    96   896
     689   1   1   1   0   1    203   302   303   204
     690   1   1   1   0   1    302   401   402   303
     691   1   1   1   0   1    401   500   501   402
     692   1   1   1   0   1    500   599   600   501
     693   1   1   1   0   1    599   698   699   600
     694   1   1   1   0   1    698   797   798   699
     695   1   1   1   0   1    797   896   897   798
     696   1   1   1   0   1    896    96    97   897
     697   1   1   1   0   1    204   303   304   205
     698   1   1   1   0   1    303   402   403   304
     699   1   1   1   0   1    402   501   502   403
     700   1   1   1   0   1    501   600   601   502
 
    ELEM MAT TYP REL ESY SEC        NODES
 
     701   1   1   1   0   1    600   699   700   601
     702   1   1   1   0   1    699   798   799   700
     703   1   1   1   0   1    798   897   898   799
     704   1   1   1   0   1    897    97    98   898
     705   1   1   1   0   1    205   304   305   206
     706   1   1   1   0   1    304   403   404   305
     707   1   1   1   0   1    403   502   503   404
     708   1   1   1   0   1    502   601   602   503
     709   1   1   1   0   1    601   700   701   602
     710   1   1   1   0   1    700   799   800   701
     711   1   1   1   0   1    799   898   899   800
     712   1   1   1   0   1    898    98    99   899
     713   1   1   1   0   1    206   305   306   207
     714   1   1   1   0   1    305   404   405   306
     715   1   1   1   0   1    404   503   504   405
     716   1   1   1   0   1    503   602   603   504
     717   1   1   1   0   1    602   701   702   603
     718   1   1   1   0   1    701   800   801   702
     719   1   1   1   0   1    800   899   900   801
     720   1   1   1   0   1    899    99   100   900
 
    ELEM MAT TYP REL ESY SEC        NODES
 
     721   1   1   1   0   1    207   306   307   208
     722   1   1   1   0   1    306   405   406   307
     723   1   1   1   0   1    405   504   505   406
     724   1   1   1   0   1    504   603   604   505
     725   1   1   1   0   1    603   702   703   604
     726   1   1   1   0   1    702   801   802   703
     727   1   1   1   0   1    801   900   901   802
     728   1   1   1   0   1    900   100   101   901
     729   1   1   1   0   1    208   307   308   209
     730   1   1   1   0   1    307   406   407   308
     731   1   1   1   0   1    406   505   506   407
     732   1   1   1   0   1    505   604   605   506
     733   1   1   1   0   1    604   703   704   605
     734   1   1   1   0   1    703   802   803   704
     735   1   1   1   0   1    802   901   902   803
     736   1   1   1   0   1    901   101   102   902
     737   1   1   1   0   1    209   308   309   210
     738   1   1   1   0   1    308   407   408   309
     739   1   1   1   0   1    407   506   507   408
     740   1   1   1   0   1    506   605   606   507
 
    ELEM MAT TYP REL ESY SEC        NODES
 
     741   1   1   1   0   1    605   704   705   606
     742   1   1   1   0   1    704   803   804   705
     743   1   1   1   0   1    803   902   903   804
     744   1   1   1   0   1    902   102   103   903
     745   1   1   1   0   1    210   309   310   211
     746   1   1   1   0   1    309   408   409   310
     747   1   1   1   0   1    408   507   508   409
     748   1   1   1   0   1    507   606   607   508
     749   1   1   1   0   1    606   705   706   607
     750   1   1   1   0   1    705   804   805   706
     751   1   1   1   0   1    804   903   904   805
     752   1   1   1   0   1    903   103   104   904
     753   1   1   1   0   1    211   310   311   212
     754   1   1   1   0   1    310   409   410   311
     755   1   1   1   0   1    409   508   509   410
     756   1   1   1   0   1    508   607   608   509
     757   1   1   1   0   1    607   706   707   608
     758   1   1   1   0   1    706   805   806   707
     759   1   1   1   0   1    805   904   905   806
     760   1   1   1   0   1    904   104   105   905
 
    ELEM MAT TYP REL ESY SEC        NODES
 
     761   1   1   1   0   1    212   311   312   213
     762   1   1   1   0   1    311   410   411   312
     763   1   1   1   0   1    410   509   510   411
     764   1   1   1   0   1    509   608   609   510
     765   1   1   1   0   1    608   707   708   609
     766   1   1   1   0   1    707   806   807   708
     767   1   1   1   0   1    806   905   906   807
     768   1   1   1   0   1    905   105   106   906
     769   1   1   1   0   1    213   312   313   214
     770   1   1   1   0   1    312   411   412   313
     771   1   1   1   0   1    411   510   511   412
     772   1   1   1   0   1    510   609   610   511
     773   1   1   1   0   1    609   708   709   610
     774   1   1   1   0   1    708   807   808   709
     775   1   1   1   0   1    807   906   907   808
     776   1   1   1   0   1    906   106   107   907
     777   1   1   1   0   1    214   313   314   215
     778   1   1   1   0   1    313   412   413   314
     779   1   1   1   0   1    412   511   512   413
     780   1   1   1   0   1    511   610   611   512
 
    ELEM MAT TYP REL ESY SEC        NODES
 
     781   1   1   1   0   1    610   709   710   611
     782   1   1   1   0   1    709   808   809   710
     783   1   1   1   0   1    808   907   908   809
     784   1   1   1   0   1    907   107   108   908
     785   1   1   1   0   1    215   314   315   216
     786   1   1   1   0   1    314   413   414   315
     787   1   1   1   0   1    413   512   513   414
     788   1   1   1   0   1    512   611   612   513
     789   1   1   1   0   1    611   710   711   612
     790   1   1   1   0   1    710   809   810   711
     791   1   1   1   0   1    809   908   909   810
     792   1   1   1   0   1    908   108   109   909
     793   1   1   1   0   1    216   315   111   110
     794   1   1   1   0   1    315   414   112   111
     795   1   1   1   0   1    414   513   113   112
     796   1   1   1   0   1    513   612   114   113
     797   1   1   1   0   1    612   711   115   114
     798   1   1   1   0   1    711   810   116   115
     799   1   1   1   0   1    810   909   117   116
     800   1   1   1   0   1    909   109    10   117

