
 LIST ALL SELECTED NODES.   DSYS=      0
 SORT TABLE ON  NODE  NODE  NODE

   NODE        X                   Y                   Z
        1   -10.0000000000         0.00000000000         0.00000000000     
        2   -9.00000000000         0.00000000000         0.00000000000     
        3   -9.87500000000         0.00000000000         0.00000000000     
        4   -9.75000000000         0.00000000000         0.00000000000     
        5   -9.62500000000         0.00000000000         0.00000000000     
        6   -9.50000000000         0.00000000000         0.00000000000     
        7   -9.37500000000         0.00000000000         0.00000000000     
        8   -9.25000000000         0.00000000000         0.00000000000     
        9   -9.12500000000         0.00000000000         0.00000000000     
       10    0.00000000000         9.00000000000         0.00000000000     
       11   -8.99888969233        0.141365855872         0.00000000000     
       12   -8.99555904329        0.282696831833         0.00000000000     
       13   -8.99000887465        0.423958056582         0.00000000000     
       14   -8.98224055584        0.565114676024         0.00000000000     
       15   -8.97225600357        0.706131861876         0.00000000000     
       16   -8.96005768139        0.846974820256         0.00000000000     
       17   -8.94564859905        0.987608800273         0.00000000000     
       18   -8.92903231177         1.12799910260         0.00000000000     
       19   -8.91021291937         1.26811108802         0.00000000000     
       20   -8.88919506525         1.40791018601         0.00000000000     

   NODE        X                   Y                   Z
       21   -8.86598393527         1.54736190322         0.00000000000     
       22   -8.84058525665         1.68643183080         0.00000000000     
       23   -8.81300529587         1.82508565690         0.00000000000     
       24   -8.78325085787         1.96328917069         0.00000000000     
       25   -8.75132928412         2.10100827246         0.00000000000     
       26   -8.71724845079         2.23820898204         0.00000000000     
       27   -8.68101676681         2.37485744715         0.00000000000     
       28   -8.64264317183         2.51091995180         0.00000000000     
       29   -8.60213713396         2.64636292458         0.00000000000     
       30   -8.55950864745         2.78115294693         0.00000000000     
       31   -8.51476823026         2.91525676141         0.00000000000     
       32   -8.46792692142         3.04864127990         0.00000000000     
       33   -8.41899627832         3.18127359177         0.00000000000     
       34   -8.36798837387         3.31312097196         0.00000000000     
       35   -8.31491579351         3.44415088910         0.00000000000     
       36   -8.25979163210         3.57433101353         0.00000000000     
       37   -8.20262949072         3.70362922523         0.00000000000     
       38   -8.14344347326         3.83201362183         0.00000000000     
       39   -8.08224818298         3.95945252638         0.00000000000     
       40   -8.01905871892         4.08591449526         0.00000000000     

   NODE        X                   Y                   Z
       41   -7.95389067211         4.21136832586         0.00000000000     
       42   -7.88676012181         4.33578306434         0.00000000000     
       43   -7.81768363146         4.45912801323         0.00000000000     
       44   -7.74667824466         4.58137273900         0.00000000000     
       45   -7.67376148093         4.70248707961         0.00000000000     
       46   -7.59895133136         4.82244115190         0.00000000000     
       47   -7.52226625427         4.94120535901         0.00000000000     
       48   -7.44372517052         5.05875039765         0.00000000000     
       49   -7.36334745897         5.17504726534         0.00000000000     
       50   -7.28115295160         5.29006726757         0.00000000000     
       51   -7.19716192868         5.40378202487         0.00000000000     
       52   -7.11139511374         5.51616347983         0.00000000000     
       53   -7.02387366846         5.62718390401         0.00000000000     
       54   -6.93461918744         5.73681590477         0.00000000000     
       55   -6.84365369289         5.84503243206         0.00000000000     
       56   -6.75099962918         5.95180678507         0.00000000000     
       57   -6.65667985732         6.05711261882         0.00000000000     
       58   -6.56071764931         6.16092395068         0.00000000000     
       59   -6.46313668239         6.26321516673         0.00000000000     
       60   -6.36396103319         6.36396102817         0.00000000000     

   NODE        X                   Y                   Z
       61   -6.26321517184         6.46313667744         0.00000000000     
       62   -6.16092395586         6.56071764445         0.00000000000     
       63   -6.05711262408         6.65667985254         0.00000000000     
       64   -5.95180679041         6.75099962447         0.00000000000     
       65   -5.84503243749         6.84365368825         0.00000000000     
       66   -5.73681591027         6.93461918288         0.00000000000     
       67   -5.62718390959         7.02387366399         0.00000000000     
       68   -5.51616348550         7.11139510935         0.00000000000     
       69   -5.40378203062         7.19716192437         0.00000000000     
       70   -5.29006727340         7.28115294737         0.00000000000     
       71   -5.17504727125         7.36334745482         0.00000000000     
       72   -5.05875040364         7.44372516645         0.00000000000     
       73   -4.94120536508         7.52226625028         0.00000000000     
       74   -4.82244115804         7.59895132747         0.00000000000     
       75   -4.70248708583         7.67376147711         0.00000000000     
       76   -4.58137274529         7.74667824094         0.00000000000     
       77   -4.45912801959         7.81768362783         0.00000000000     
       78   -4.33578307078         7.88676011827         0.00000000000     
       79   -4.21136833236         7.95389066867         0.00000000000     
       80   -4.08591450182         8.01905871557         0.00000000000     

   NODE        X                   Y                   Z
       81   -3.95945253301         8.08224817974         0.00000000000     
       82   -3.83201362851         8.14344347011         0.00000000000     
       83   -3.70362923197         8.20262948768         0.00000000000     
       84   -3.57433102032         8.25979162916         0.00000000000     
       85   -3.44415089594         8.31491579067         0.00000000000     
       86   -3.31312097885         8.36798837114         0.00000000000     
       87   -3.18127359870         8.41899627570         0.00000000000     
       88   -3.04864128688         8.46792691891         0.00000000000     
       89   -2.91525676842         8.51476822786         0.00000000000     
       90   -2.78115295397         8.55950864516         0.00000000000     
       91   -2.64636293166         8.60213713178         0.00000000000     
       92   -2.51091995892         8.64264316976         0.00000000000     
       93   -2.37485745430         8.68101676486         0.00000000000     
       94   -2.23820898923         8.71724844894         0.00000000000     
       95   -2.10100827969         8.75132928238         0.00000000000     
       96   -1.96328917795         8.78325085624         0.00000000000     
       97   -1.82508566420         8.81300529435         0.00000000000     
       98   -1.68643183815         8.84058525525         0.00000000000     
       99   -1.54736191062         8.86598393398         0.00000000000     
      100   -1.40791019342         8.88919506408         0.00000000000     

   NODE        X                   Y                   Z
      101   -1.26811109545         8.91021291831         0.00000000000     
      102   -1.12799911005         8.92903231082         0.00000000000     
      103  -0.987608807736         8.94564859822         0.00000000000     
      104  -0.846974827731         8.96005768068         0.00000000000     
      105  -0.706131869361         8.97225600298         0.00000000000     
      106  -0.565114683518         8.98224055537         0.00000000000     
      107  -0.423958064082         8.99000887430         0.00000000000     
      108  -0.282696839338         8.99555904305         0.00000000000     
      109  -0.141365863379         8.99888969222         0.00000000000     
      110    0.00000000000         10.0000000000         0.00000000000     
      111    0.00000000000         9.87500000000         0.00000000000     
      112    0.00000000000         9.75000000000         0.00000000000     
      113    0.00000000000         9.62500000000         0.00000000000     
      114    0.00000000000         9.50000000000         0.00000000000     
      115    0.00000000000         9.37500000000         0.00000000000     
      116    0.00000000000         9.25000000000         0.00000000000     
      117    0.00000000000         9.12500000000         0.00000000000     
      118   -9.99876632481        0.157073173191         0.00000000000     
      119   -9.99506560365        0.314107590926         0.00000000000     
      120   -9.98889874961        0.471064507314         0.00000000000     

   NODE        X                   Y                   Z
      121   -9.98026728427        0.627905195582         0.00000000000     
      122   -9.96917333730        0.784590957640         0.00000000000     
      123   -9.95561964599        0.941083133618         0.00000000000     
      124   -9.93960955450         1.09734311142         0.00000000000     
      125   -9.92114701307         1.25333233622         0.00000000000     
      126   -9.90023657707         1.40901232002         0.00000000000     
      127   -9.87688340584         1.56434465112         0.00000000000     
      128   -9.85109326141         1.71929100358         0.00000000000     
      129   -9.82287250739         1.87381314534         0.00000000000     
      130   -9.79222810652         2.02787295211         0.00000000000     
      131   -9.75916761985         2.18143241188         0.00000000000     
      132   -9.72369920457         2.33445363607         0.00000000000     
      133   -9.68583161198         2.48689886893         0.00000000000     
      134   -9.64557418535         2.63873049684         0.00000000000     
      135   -9.60293685759         2.78991105756         0.00000000000     
      136   -9.55793014884         2.94040324953         0.00000000000     
      137   -9.51056516384         3.09016994103         0.00000000000     
      138   -9.46085358918         3.23917417934         0.00000000000     
      139   -9.40880769046         3.38737919989         0.00000000000     
      140   -9.35444030924         3.53474843530         0.00000000000     

   NODE        X                   Y                   Z
      141   -9.29776485985         3.68124552440         0.00000000000     
      142   -9.23879532612         3.82683432122         0.00000000000     
      143   -9.17754625789         3.97147890392         0.00000000000     
      144   -9.11403276746         4.11514358359         0.00000000000     
      145   -9.04827052584         4.25779291314         0.00000000000     
      146   -8.98027575887         4.39939169598         0.00000000000     
      147   -8.91006524324         4.53990499473         0.00000000000     
      148   -8.83765630235         4.67929813985         0.00000000000     
      149   -8.76306680201         4.81753673816         0.00000000000     
      150   -8.68631514607         4.95458668136         0.00000000000     
      151   -8.60742027185         5.09041415444         0.00000000000     
      152   -8.52640164547         5.22498564401         0.00000000000     
      153   -8.44327925707         5.35826794656         0.00000000000     
      154   -8.35807361585         5.49022817668         0.00000000000     
      155   -8.27080574502         5.62083377517         0.00000000000     
      156   -8.18149717663         5.75005251704         0.00000000000     
      157   -8.09016994622         5.87785251952         0.00000000000     
      158   -7.99684658743         6.00420224986         0.00000000000     
      159   -7.90155012638         6.12907053314         0.00000000000     
      160   -7.80430407607         6.25242656001         0.00000000000     

   NODE        X                   Y                   Z
      161   -7.70513243049         6.37423989419         0.00000000000     
      162   -7.60405965876         6.49448048007         0.00000000000     
      163   -7.50111069909         6.61311865008         0.00000000000     
      164   -7.39631095258         6.73012513202         0.00000000000     
      165   -7.28968627701         6.84547105631         0.00000000000     
      166   -7.18126298043         6.95912796304         0.00000000000     
      167   -7.07106781466         7.07106780908         0.00000000000     
      168   -6.95912796871         7.18126297493         0.00000000000     
      169   -6.84547106206         7.28968627161         0.00000000000     
      170   -6.73012513787         7.39631094726         0.00000000000     
      171   -6.61311865601         7.50111069385         0.00000000000     
      172   -6.49448048609         7.60405965361         0.00000000000     
      173   -6.37423990030         7.70513242543         0.00000000000     
      174   -6.25242656621         7.80430407110         0.00000000000     
      175   -6.12907053944         7.90155012150         0.00000000000     
      176   -6.00420225624         7.99684658263         0.00000000000     
      177   -5.87785252600         8.09016994152         0.00000000000     
      178   -5.75005252361         8.18149717202         0.00000000000     
      179   -5.62083378182         8.27080574050         0.00000000000     
      180   -5.49022818342         8.35807361142         0.00000000000     

   NODE        X                   Y                   Z
      181   -5.35826795338         8.44327925274         0.00000000000     
      182   -5.22498565092         8.52640164124         0.00000000000     
      183   -5.09041416144         8.60742026771         0.00000000000     
      184   -4.95458668843         8.68631514204         0.00000000000     
      185   -4.81753674531         8.76306679808         0.00000000000     
      186   -4.67929814707         8.83765629852         0.00000000000     
      187   -4.53990500203         8.91006523952         0.00000000000     
      188   -4.39939170334         8.98027575526         0.00000000000     
      189   -4.25779292057         9.04827052235         0.00000000000     
      190   -4.11514359108         9.11403276408         0.00000000000     
      191   -3.97147891146         9.17754625463         0.00000000000     
      192   -3.82683432883         9.23879532297         0.00000000000     
      193   -3.68124553205         9.29776485682         0.00000000000     
      194   -3.53474844300         9.35444030633         0.00000000000     
      195   -3.38737920764         9.40880768767         0.00000000000     
      196   -3.23917418713         9.46085358651         0.00000000000     
      197   -3.09016994886         9.51056516129         0.00000000000     
      198   -2.94040325740         9.55793014642         0.00000000000     
      199   -2.78991106547         9.60293685530         0.00000000000     
      200   -2.63873050478         9.64557418318         0.00000000000     

   NODE        X                   Y                   Z
      201   -2.48689887692         9.68583160993         0.00000000000     
      202   -2.33445364410         9.72369920265         0.00000000000     
      203   -2.18143241995         9.75916761805         0.00000000000     
      204   -2.02787296023         9.79222810484         0.00000000000     
      205   -1.87381315350         9.82287250583         0.00000000000     
      206   -1.71929101180         9.85109325998         0.00000000000     
      207   -1.56434465936         9.87688340453         0.00000000000     
      208   -1.40901232828         9.90023657590         0.00000000000     
      209   -1.25333234449         9.92114701203         0.00000000000     
      210   -1.09734311971         9.93960955358         0.00000000000     
      211  -0.941083141924         9.95561964520         0.00000000000     
      212  -0.784590965957         9.96917333665         0.00000000000     
      213  -0.627905203909         9.98026728374         0.00000000000     
      214  -0.471064515647         9.98889874922         0.00000000000     
      215  -0.314107599265         9.99506560339         0.00000000000     
      216  -0.157073181532         9.99876632468         0.00000000000     
      217   -9.87378174576        0.155109758526         0.00000000000     
      218   -9.87012728361        0.310181246040         0.00000000000     
      219   -9.86403751524        0.465176200972         0.00000000000     
      220   -9.85551394321        0.620056380638         0.00000000000     

   NODE        X                   Y                   Z
      221   -9.84455867059        0.774783570669         0.00000000000     
      222   -9.83117440041        0.929319594448         0.00000000000     
      223   -9.81536443506         1.08362632252         0.00000000000     
      224   -9.79713267541         1.23766568202         0.00000000000     
      225   -9.77648361986         1.39139966602         0.00000000000     
      226   -9.75342236327         1.54479034298         0.00000000000     
      227   -9.72795459564         1.69779986603         0.00000000000     
      228   -9.70008660104         1.85039048102         0.00000000000     
      229   -9.66982525519         2.00252454021         0.00000000000     
      230   -9.63717802460         2.15416450673         0.00000000000     
      231   -9.60215296452         2.30527296562         0.00000000000     
      232   -9.56475871683         2.45581263307         0.00000000000     
      233   -9.52500450803         2.60574636562         0.00000000000     
      234   -9.48290014687         2.75503716934         0.00000000000     
      235   -9.43845602198         2.90364820891         0.00000000000     
      236   -9.39168309929         3.05154281677         0.00000000000     
      237   -9.34259291931         3.19868450210         0.00000000000     
      238   -9.29119759433         3.34503695989         0.00000000000     
      239   -9.23750980538         3.49056407986         0.00000000000     
      240   -9.18154279910         3.63522995534         0.00000000000     

   NODE        X                   Y                   Z
      241   -9.12331038454         3.77899889221         0.00000000000     
      242   -9.06282692967         3.92183541762         0.00000000000     
      243   -9.00010735787         4.06370428880         0.00000000000     
      244   -8.93516714427         4.20457050173         0.00000000000     
      245   -8.86802231188         4.34439929978         0.00000000000     
      246   -8.79868942770         4.48315618230         0.00000000000     
      247   -8.72718559857         4.62080691310         0.00000000000     
      248   -8.65352846698         4.75731752893         0.00000000000     
      249   -8.57773620674         4.89265434785         0.00000000000     
      250   -8.49982751845         5.02678397751         0.00000000000     
      251   -8.41982162490         5.15967332346         0.00000000000     
      252   -8.33773826636         5.29128959723         0.00000000000     
      253   -8.25359769565         5.42160032447         0.00000000000     
      254   -8.16742067321         5.55057335298         0.00000000000     
      255   -8.07922846192         5.67817686058         0.00000000000     
      256   -7.98904282190         5.80437936303         0.00000000000     
      257   -7.89688600508         5.92914972173         0.00000000000     
      258   -7.80278074980         6.05245715148         0.00000000000     
      259   -7.70675027512         6.17427122801         0.00000000000     
      260   -7.60881827511         6.29456189551         0.00000000000     

   NODE        X                   Y                   Z
      261   -7.50900891303         6.41329947407         0.00000000000     
      262   -7.40734681535         6.53045466695         0.00000000000     
      263   -7.30385706568         6.64599856787         0.00000000000     
      264   -7.19856519855         6.75990266810         0.00000000000     
      265   -7.09149719317         6.87213886350         0.00000000000     
      266   -6.98267946697         6.98267946146         0.00000000000     
      267   -6.87213886910         7.09149718775         0.00000000000     
      268   -6.75990267379         7.19856519321         0.00000000000     
      269   -6.64599857365         7.30385706042         0.00000000000     
      270   -6.53045467281         7.40734681018         0.00000000000     
      271   -6.41329948002         7.50900890794         0.00000000000     
      272   -6.29456190155         7.60881827011         0.00000000000     
      273   -6.17427123414         7.70675027021         0.00000000000     
      274   -6.05245715770         7.80278074498         0.00000000000     
      275   -5.92914972804         7.89688600035         0.00000000000     
      276   -5.80437936942         7.98904281725         0.00000000000     
      277   -5.67817686706         8.07922845737         0.00000000000     
      278   -5.55057335955         8.16742066875         0.00000000000     
      279   -5.42160033113         8.25359769128         0.00000000000     
      280   -5.29128960397         8.33773826208         0.00000000000     

   NODE        X                   Y                   Z
      281   -5.15967333028         8.41982162072         0.00000000000     
      282   -5.02678398442         8.49982751437         0.00000000000     
      283   -4.89265435483         8.57773620276         0.00000000000     
      284   -4.75731753599         8.65352846310         0.00000000000     
      285   -4.62080692023         8.72718559479         0.00000000000     
      286   -4.48315618950         8.79868942403         0.00000000000     
      287   -4.34439930705         8.86802230832         0.00000000000     
      288   -4.20457050906         8.93516714082         0.00000000000     
      289   -4.06370429619         9.00010735453         0.00000000000     
      290   -3.92183542507         9.06282692644         0.00000000000     
      291   -3.77899889971         9.12331038143         0.00000000000     
      292   -3.63522996290         9.18154279611         0.00000000000     
      293   -3.49056408746         9.23750980250         0.00000000000     
      294   -3.34503696755         9.29119759158         0.00000000000     
      295   -3.19868450979         9.34259291668         0.00000000000     
      296   -3.05154282450         9.39168309677         0.00000000000     
      297   -2.90364821668         9.43845601959         0.00000000000     
      298   -2.75503717715         9.48290014460         0.00000000000     
      299   -2.60574637347         9.52500450589         0.00000000000     
      300   -2.45581264096         9.56475871481         0.00000000000     

   NODE        X                   Y                   Z
      301   -2.30527297355         9.60215296261         0.00000000000     
      302   -2.15416451470         9.63717802282         0.00000000000     
      303   -2.00252454822         9.66982525353         0.00000000000     
      304   -1.85039048908         9.70008659951         0.00000000000     
      305   -1.69779987415         9.72795459423         0.00000000000     
      306   -1.54479035112         9.75342236198         0.00000000000     
      307   -1.39139967418         9.77648361870         0.00000000000     
      308   -1.23766569019         9.79713267438         0.00000000000     
      309   -1.08362633071         9.81536443416         0.00000000000     
      310  -0.929319602650         9.83117439964         0.00000000000     
      311  -0.774783578882         9.84455866994         0.00000000000     
      312  -0.620056388860         9.85551394269         0.00000000000     
      313  -0.465176209202         9.86403751485         0.00000000000     
      314  -0.310181254274         9.87012728335         0.00000000000     
      315  -0.155109766763         9.87378174563         0.00000000000     
      316   -9.74879716670        0.153146343861         0.00000000000     
      317   -9.74518896356        0.306254901153         0.00000000000     
      318   -9.73917628087        0.459287894631         0.00000000000     
      319   -9.73076060216        0.612207565693         0.00000000000     
      320   -9.71994400387        0.764976183699         0.00000000000     

   NODE        X                   Y                   Z
      321   -9.70672915484        0.917556055278         0.00000000000     
      322   -9.69111931563         1.06990953363         0.00000000000     
      323   -9.67311833775         1.22199902781         0.00000000000     
      324   -9.65273066265         1.37378701202         0.00000000000     
      325   -9.62996132069         1.52523603484         0.00000000000     
      326   -9.60481592988         1.67630872849         0.00000000000     
      327   -9.57730069470         1.82696781670         0.00000000000     
      328   -9.54742240386         1.97717612831         0.00000000000     
      329   -9.51518842936         2.12689660158         0.00000000000     
      330   -9.48060672446         2.27609229517         0.00000000000     
      331   -9.44368582168         2.42472639721         0.00000000000     
      332   -9.40443483071         2.57276223441         0.00000000000     
      333   -9.36286343615         2.72016328112         0.00000000000     
      334   -9.31898189512         2.86689316829         0.00000000000     
      335   -9.27280103474         3.01291569250         0.00000000000     
      336   -9.22433224945         3.15819482486         0.00000000000     
      337   -9.17358749820         3.30269471990         0.00000000000     
      338   -9.12057930151         3.44637972442         0.00000000000     
      339   -9.06532073836         3.58921438629         0.00000000000     
      340   -9.00782544297         3.73116346319         0.00000000000     

   NODE        X                   Y                   Z
      341   -8.94810760145         3.87219193132         0.00000000000     
      342   -8.88618194828         4.01226499400         0.00000000000     
      343   -8.82206376270         4.15134809031         0.00000000000     
      344   -8.75576886490         4.28940690358         0.00000000000     
      345   -8.68731361216         4.42640736986         0.00000000000     
      346   -8.61671489479         4.56231568635         0.00000000000     
      347   -8.54399013196         4.69709831970         0.00000000000     
      348   -8.46915726742         4.83072201433         0.00000000000     
      349   -8.39223476505         4.96315380058         0.00000000000     
      350   -8.31324160433         5.09436100291         0.00000000000     
      351   -8.23219727564         5.22431124789         0.00000000000     
      352   -8.14912177545         5.35297247226         0.00000000000     
      353   -8.06403560140         5.48031293079         0.00000000000     
      354   -7.97695974722         5.60630120412         0.00000000000     
      355   -7.88791569757         5.73090620653         0.00000000000     
      356   -7.79692542274         5.85409719361         0.00000000000     
      357   -7.70401137322         5.97584376982         0.00000000000     
      358   -7.60919647416         6.09611589601         0.00000000000     
      359   -7.51250411972         6.21488389683         0.00000000000     
      360   -7.41395816729         6.33211846807         0.00000000000     

   NODE        X                   Y                   Z
      361   -7.31358293161         6.44779068383         0.00000000000     
      362   -7.21140317877         6.56187200373         0.00000000000     
      363   -7.10744412009         6.67433427990         0.00000000000     
      364   -7.00173140592         6.78514976396         0.00000000000     
      365   -6.89429111929         6.89429111385         0.00000000000     
      366   -6.78514976949         7.00173140056         0.00000000000     
      367   -6.67433428551         7.10744411482         0.00000000000     
      368   -6.56187200942         7.21140317358         0.00000000000     
      369   -6.44779068962         7.31358292651         0.00000000000     
      370   -6.33211847394         7.41395816227         0.00000000000     
      371   -6.21488390280         7.51250411479         0.00000000000     
      372   -6.09611590206         7.60919646932         0.00000000000     
      373   -5.97584377596         7.70401136846         0.00000000000     
      374   -5.85409719984         7.79692541807         0.00000000000     
      375   -5.73090621285         7.88791569298         0.00000000000     
      376   -5.60630121052         7.97695974272         0.00000000000     
      377   -5.48031293728         8.06403559699         0.00000000000     
      378   -5.35297247884         8.14912177114         0.00000000000     
      379   -5.22431125455         8.23219727142         0.00000000000     
      380   -5.09436100964         8.31324160021         0.00000000000     

   NODE        X                   Y                   Z
      381   -4.96315380740         8.39223476102         0.00000000000     
      382   -4.83072202122         8.46915726349         0.00000000000     
      383   -4.69709832667         8.54399012813         0.00000000000     
      384   -4.56231569339         8.61671489106         0.00000000000     
      385   -4.42640737698         8.68731360854         0.00000000000     
      386   -4.28940691076         8.75576886138         0.00000000000     
      387   -4.15134809755         8.82206375929         0.00000000000     
      388   -4.01226500130         8.88618194498         0.00000000000     
      389   -3.87219193868         8.94810759826         0.00000000000     
      390   -3.73116347060         9.00782543990         0.00000000000     
      391   -3.58921439375         9.06532073540         0.00000000000     
      392   -3.44637973193         9.12057929867         0.00000000000     
      393   -3.30269472745         9.17358749548         0.00000000000     
      394   -3.15819483245         9.22433224685         0.00000000000     
      395   -3.01291570014         9.27280103226         0.00000000000     
      396   -2.86689317597         9.31898189276         0.00000000000     
      397   -2.72016328883         9.36286343391         0.00000000000     
      398   -2.57276224216         9.40443482860         0.00000000000     
      399   -2.42472640500         9.44368581968         0.00000000000     
      400   -2.27609230299         9.48060672258         0.00000000000     

   NODE        X                   Y                   Z
      401   -2.12689660945         9.51518842760         0.00000000000     
      402   -1.97717613622         9.54742240222         0.00000000000     
      403   -1.82696782466         9.57730069318         0.00000000000     
      404   -1.67630873650         9.60481592848         0.00000000000     
      405   -1.52523604287         9.62996131942         0.00000000000     
      406   -1.37378702007         9.65273066150         0.00000000000     
      407   -1.22199903588         9.67311833673         0.00000000000     
      408   -1.06990954171         9.69111931474         0.00000000000     
      409  -0.917556063376         9.70672915407         0.00000000000     
      410  -0.764976191808         9.71994400323         0.00000000000     
      411  -0.612207573811         9.73076060165         0.00000000000     
      412  -0.459287902756         9.73917628049         0.00000000000     
      413  -0.306254909283         9.74518896331         0.00000000000     
      414  -0.153146351994         9.74879716657         0.00000000000     
      415   -9.62381258763        0.151182929196         0.00000000000     
      416   -9.62025064352        0.302328556266         0.00000000000     
      417   -9.61431504650        0.453399588289         0.00000000000     
      418   -9.60600726111        0.604358750748         0.00000000000     
      419   -9.59532933715        0.755168796728         0.00000000000     
      420   -9.58228390926        0.905792516107         0.00000000000     

   NODE        X                   Y                   Z
      421   -9.56687419620         1.05619274474         0.00000000000     
      422   -9.54910400008         1.20633237361         0.00000000000     
      423   -9.52897770543         1.35617435802         0.00000000000     
      424   -9.50650027812         1.50568172670         0.00000000000     
      425   -9.48167726411         1.65481759095         0.00000000000     
      426   -9.45451478836         1.80354515239         0.00000000000     
      427   -9.42501955252         1.95182771641         0.00000000000     
      428   -9.39319883411         2.09962869643         0.00000000000     
      429   -9.35906048440         2.24691162472         0.00000000000     
      430   -9.32261292653         2.39364016135         0.00000000000     
      431   -9.28386515340         2.53977810320         0.00000000000     
      432   -9.24282672543         2.68528939290         0.00000000000     
      433   -9.19950776826         2.83013812767         0.00000000000     
      434   -9.15391897019         2.97428856824         0.00000000000     
      435   -9.10607157959         3.11770514762         0.00000000000     
      436   -9.05597740207         3.26035247990         0.00000000000     
      437   -9.00364879765         3.40219536898         0.00000000000     
      438   -8.94909867761         3.54319881723         0.00000000000     
      439   -8.89234050139         3.68332803418         0.00000000000     
      440   -8.83338827322         3.82254844502         0.00000000000     

   NODE        X                   Y                   Z
      441   -8.77225653868         3.96082569921         0.00000000000     
      442   -8.70896038112         4.09812567890         0.00000000000     
      443   -8.64351541791         4.23441450738         0.00000000000     
      444   -8.57593779662         4.36965855743         0.00000000000     
      445   -8.50624419101         4.50382445960         0.00000000000     
      446   -8.43445179694         4.63687911048         0.00000000000     
      447   -8.36057832809         4.76878968081         0.00000000000     
      448   -8.28464201166         4.89952362365         0.00000000000     
      449   -8.20666158377         5.02904868236         0.00000000000     
      450   -8.12665628493         5.15733289856         0.00000000000     
      451   -8.04464585526         5.28434462006         0.00000000000     
      452   -7.96065052959         5.41005250860         0.00000000000     
      453   -7.87469103251         5.53442554766         0.00000000000     
      454   -7.78678857324         5.65743305004         0.00000000000     
      455   -7.69696484040         5.77904466549         0.00000000000     
      456   -7.60524199664         5.89923038815         0.00000000000     
      457   -7.51164267321         6.01796056401         0.00000000000     
      458   -7.41618996434         6.13520589816         0.00000000000     
      459   -7.31890742156         6.25093746207         0.00000000000     
      460   -7.21981904787         6.36512670070         0.00000000000     

   NODE        X                   Y                   Z
      461   -7.11894929186         6.47774543957         0.00000000000     
      462   -7.01632304163         6.58876589169         0.00000000000     
      463   -6.91196561866         6.69816066442         0.00000000000     
      464   -6.80590277161         6.80590276623         0.00000000000     
      465   -6.69816066988         6.91196561338         0.00000000000     
      466   -6.58876589724         7.01632303642         0.00000000000     
      467   -6.47774544520         7.11894928674         0.00000000000     
      468   -6.36512670642         7.21981904283         0.00000000000     
      469   -6.25093746787         7.31890741660         0.00000000000     
      470   -6.13520590404         7.41618995947         0.00000000000     
      471   -6.01796056998         7.51164266843         0.00000000000     
      472   -5.89923039421         7.60524199194         0.00000000000     
      473   -5.77904467163         7.69696483578         0.00000000000     
      474   -5.65743305627         7.78678856871         0.00000000000     
      475   -5.53442555397         7.87469102807         0.00000000000     
      476   -5.41005251500         7.96065052523         0.00000000000     
      477   -5.28434462654         8.04464585099         0.00000000000     
      478   -5.15733290513         8.12665628076         0.00000000000     
      479   -5.02904868901         8.20666157969         0.00000000000     
      480   -4.89952363038         8.28464200768         0.00000000000     

   NODE        X                   Y                   Z
      481   -4.76878968762         8.36057832421         0.00000000000     
      482   -4.63687911736         8.43445179315         0.00000000000     
      483   -4.50382446655         8.50624418733         0.00000000000     
      484   -4.36965856445         8.57593779304         0.00000000000     
      485   -4.23441451447         8.64351541444         0.00000000000     
      486   -4.09812568605         8.70896037776         0.00000000000     
      487   -3.96082570642         8.77225653543         0.00000000000     
      488   -3.82254845228         8.83338827008         0.00000000000     
      489   -3.68332804149         8.89234049836         0.00000000000     
      490   -3.54319882460         8.94909867469         0.00000000000     
      491   -3.40219537639         9.00364879484         0.00000000000     
      492   -3.26035248735         9.05597739939         0.00000000000     
      493   -3.11770515512         9.10607157702         0.00000000000     
      494   -2.97428857578         9.15391896774         0.00000000000     
      495   -2.83013813525         9.19950776593         0.00000000000     
      496   -2.68528940051         9.24282672322         0.00000000000     
      497   -2.53977811085         9.28386515131         0.00000000000     
      498   -2.39364016903         9.32261292456         0.00000000000     
      499   -2.24691163244         9.35906048255         0.00000000000     
      500   -2.09962870420         9.39319883237         0.00000000000     

   NODE        X                   Y                   Z
      501   -1.95182772422         9.42501955091         0.00000000000     
      502   -1.80354516024         9.45451478686         0.00000000000     
      503   -1.65481759886         9.48167726273         0.00000000000     
      504   -1.50568173463         9.50650027686         0.00000000000     
      505   -1.35617436597         9.52897770430         0.00000000000     
      506   -1.20633238158         9.54910399907         0.00000000000     
      507   -1.05619275272         9.56687419532         0.00000000000     
      508  -0.905792524102         9.58228390851         0.00000000000     
      509  -0.755168804733         9.59532933652         0.00000000000     
      510  -0.604358758762         9.60600726060         0.00000000000     
      511  -0.453399596310         9.61431504612         0.00000000000     
      512  -0.302328564292         9.62025064326         0.00000000000     
      513  -0.151182937225         9.62381258751         0.00000000000     
      514   -9.49882800857        0.149219514531         0.00000000000     
      515   -9.49531232347        0.298402211380         0.00000000000     
      516   -9.48945381213        0.447511281948         0.00000000000     
      517   -9.48125392005        0.596509935803         0.00000000000     
      518   -9.47071467044        0.745361409758         0.00000000000     
      519   -9.45783866369        0.894028976937         0.00000000000     
      520   -9.44262907677         1.04247595584         0.00000000000     

   NODE        X                   Y                   Z
      521   -9.42508966242         1.19066571941         0.00000000000     
      522   -9.40522474822         1.33856170402         0.00000000000     
      523   -9.38303923555         1.48612741856         0.00000000000     
      524   -9.35853859834         1.63332645340         0.00000000000     
      525   -9.33172888202         1.78012248807         0.00000000000     
      526   -9.30261670119         1.92647930451         0.00000000000     
      527   -9.27120923886         2.07236079129         0.00000000000     
      528   -9.23751424435         2.21773095427         0.00000000000     
      529   -9.20154003138         2.36255392549         0.00000000000     
      530   -9.16329547608         2.50679397199         0.00000000000     
      531   -9.12279001471         2.65041550468         0.00000000000     
      532   -9.08003364140         2.79338308705         0.00000000000     
      533   -9.03503690564         2.93566144398         0.00000000000     
      534   -8.98781090972         3.07721547038         0.00000000000     
      535   -8.93836730594         3.21801023990         0.00000000000     
      536   -8.88671829378         3.35801101353         0.00000000000     
      537   -8.83287661686         3.49718324818         0.00000000000     
      538   -8.77685555981         3.63549260516         0.00000000000     
      539   -8.71866894500         3.77290495872         0.00000000000     
      540   -8.65833112909         3.90938640441         0.00000000000     

   NODE        X                   Y                   Z
      541   -8.59585699955         4.04490326748         0.00000000000     
      542   -8.53126197093         4.17942211118         0.00000000000     
      543   -8.46456198108         4.31290974500         0.00000000000     
      544   -8.39577348723         4.44533323285         0.00000000000     
      545   -8.32491346191         4.57665990125         0.00000000000     
      546   -8.25199938877         4.70685734730         0.00000000000     
      547   -8.17704925826         4.83589344672         0.00000000000     
      548   -8.10008156320         4.96373636181         0.00000000000     
      549   -8.02111529422         5.09035454923         0.00000000000     
      550   -7.94016993506         5.21571676785         0.00000000000     
      551   -7.85726545777         5.33979208641         0.00000000000     
      552   -7.77242231780         5.46254989119         0.00000000000     
      553   -7.68566144891         5.58395989354         0.00000000000     
      554   -7.59700425805         5.70399213736         0.00000000000     
      555   -7.50647262006         5.82261700649         0.00000000000     
      556   -7.41408887226         5.93980523201         0.00000000000     
      557   -7.31987580896         6.05552789948         0.00000000000     
      558   -7.22385667582         6.16975645606         0.00000000000     
      559   -7.12605516413         6.28246271758         0.00000000000     
      560   -7.02649540495         6.39361887542         0.00000000000     

   NODE        X                   Y                   Z
      561   -6.92520196316         6.50319750349         0.00000000000     
      562   -6.82219983141         6.61117156488         0.00000000000     
      563   -6.71751442392         6.71751441862         0.00000000000     
      564   -6.61117157027         6.82219982619         0.00000000000     
      565   -6.50319750896         6.92520195803         0.00000000000     
      566   -6.39361888098         7.02649539990         0.00000000000     
      567   -6.28246272321         7.12605515916         0.00000000000     
      568   -6.16975646179         7.22385667093         0.00000000000     
      569   -6.05552790529         7.31987580416         0.00000000000     
      570   -5.93980523790         7.41408886754         0.00000000000     
      571   -5.82261701247         7.50647261542         0.00000000000     
      572   -5.70399214343         7.59700425350         0.00000000000     
      573   -5.58395989970         7.68566144444         0.00000000000     
      574   -5.46254989743         7.77242231342         0.00000000000     
      575   -5.33979209273         7.85726545348         0.00000000000     
      576   -5.21571677425         7.94016993085         0.00000000000     
      577   -5.09035455571         8.02111529010         0.00000000000     
      578   -4.96373636837         8.10008155918         0.00000000000     
      579   -4.83589345336         8.17704925433         0.00000000000     
      580   -4.70685735401         8.25199938494         0.00000000000     

   NODE        X                   Y                   Z
      581   -4.57665990804         8.32491345818         0.00000000000     
      582   -4.44533323972         8.39577348360         0.00000000000     
      583   -4.31290975192         8.46456197755         0.00000000000     
      584   -4.17942211818         8.53126196750         0.00000000000     
      585   -4.04490327454         8.59585699623         0.00000000000     
      586   -3.90938641153         8.65833112588         0.00000000000     
      587   -3.77290496589         8.71866894190         0.00000000000     
      588   -3.63549261238         8.77685555682         0.00000000000     
      589   -3.49718325545         8.83287661398         0.00000000000     
      590   -3.35801102085         8.88671829101         0.00000000000     
      591   -3.21801024726         8.93836730329         0.00000000000     
      592   -3.07721547778         8.98781090719         0.00000000000     
      593   -2.93566145142         9.03503690323         0.00000000000     
      594   -2.79338309453         9.08003363910         0.00000000000     
      595   -2.65041551219         9.12279001253         0.00000000000     
      596   -2.50679397954         9.16329547402         0.00000000000     
      597   -2.36255393307         9.20154002944         0.00000000000     
      598   -2.21773096189         9.23751424251         0.00000000000     
      599   -2.07236079895         9.27120923715         0.00000000000     
      600   -1.92647931222         9.30261669960         0.00000000000     

   NODE        X                   Y                   Z
      601   -1.78012249582         9.33172888054         0.00000000000     
      602   -1.63332646121         9.35853859698         0.00000000000     
      603   -1.48612742639         9.38303923431         0.00000000000     
      604   -1.33856171187         9.40522474710         0.00000000000     
      605   -1.19066572727         9.42508966142         0.00000000000     
      606   -1.04247596372         9.44262907590         0.00000000000     
      607  -0.894028984828         9.45783866295         0.00000000000     
      608  -0.745361417659         9.47071466982         0.00000000000     
      609  -0.596509943713         9.48125391955         0.00000000000     
      610  -0.447511289865         9.48945381176         0.00000000000     
      611  -0.298402219302         9.49531232322         0.00000000000     
      612  -0.149219522456         9.49882800845         0.00000000000     
      613   -9.37384342952        0.147256099866         0.00000000000     
      614   -9.37037400342        0.294475866493         0.00000000000     
      615   -9.36459257776        0.441622975606         0.00000000000     
      616   -9.35650057900        0.588661120858         0.00000000000     
      617   -9.34610000372        0.735554022787         0.00000000000     
      618   -9.33339341812        0.882265437767         0.00000000000     
      619   -9.31838395734         1.02875916695         0.00000000000     
      620   -9.30107532476         1.17499906520         0.00000000000     

   NODE        X                   Y                   Z
      621   -9.28147179101         1.32094905002         0.00000000000     
      622   -9.25957819297         1.46657311042         0.00000000000     
      623   -9.23539993257         1.61183531586         0.00000000000     
      624   -9.20894297568         1.75669982375         0.00000000000     
      625   -9.18021384986         1.90113089261         0.00000000000     
      626   -9.14921964361         2.04509288614         0.00000000000     
      627   -9.11596800429         2.18855028382         0.00000000000     
      628   -9.08046713624         2.33146768962         0.00000000000     
      629   -9.04272579876         2.47380984078         0.00000000000     
      630   -9.00275330399         2.61554161646         0.00000000000     
      631   -8.96055951454         2.75662804643         0.00000000000     
      632   -8.91615484110         2.89703431971         0.00000000000     
      633   -8.86955023986         3.03672579313         0.00000000000     
      634   -8.82075720981         3.17566799990         0.00000000000     
      635   -8.76978778991         3.31382665809         0.00000000000     
      636   -8.71665455611         3.45116767912         0.00000000000     
      637   -8.66137061824         3.58765717615         0.00000000000     
      638   -8.60394961677         3.72326147242         0.00000000000     
      639   -8.54440571950         3.85794710962         0.00000000000     
      640   -8.48275361798         3.99168085607         0.00000000000     

   NODE        X                   Y                   Z
      641   -8.41900852394         4.12442971498         0.00000000000     
      642   -8.35318616554         4.25616093256         0.00000000000     
      643   -8.28530278345         4.38684200611         0.00000000000     
      644   -8.21537512689         4.51644069202         0.00000000000     
      645   -8.14342044944         4.64492501378         0.00000000000     
      646   -8.06945650486         4.77226326979         0.00000000000     
      647   -7.99350154263         4.89842404126         0.00000000000     
      648   -7.91557430351         5.02337619990         0.00000000000     
      649   -7.83569401486         5.14708891564         0.00000000000     
      650   -7.75388038596         5.26953166422         0.00000000000     
      651   -7.67015360309         5.39067423473         0.00000000000     
      652   -7.58453432458         5.51048673705         0.00000000000     
      653   -7.49704367571         5.62893960924         0.00000000000     
      654   -7.40770324348         5.74600362482         0.00000000000     
      655   -7.31653507131         5.86164990001         0.00000000000     
      656   -7.22356165358         5.97584990080         0.00000000000     
      657   -7.12880593009         6.08857545006         0.00000000000     
      658   -7.03229128040         6.19979873445         0.00000000000     
      659   -6.93404151805         6.30949231127         0.00000000000     
      660   -6.83408088470         6.41762911529         0.00000000000     

   NODE        X                   Y                   Z
      661   -6.73243404415         6.52418246535         0.00000000000     
      662   -6.62912607624         6.62912607101         0.00000000000     
      663   -6.52418247066         6.73243403900         0.00000000000     
      664   -6.41762912068         6.83408087963         0.00000000000     
      665   -6.30949231675         6.93404151306         0.00000000000     
      666   -6.19979874001         7.03229127549         0.00000000000     
      667   -6.08857545571         7.12880592526         0.00000000000     
      668   -5.97584990654         7.22356164884         0.00000000000     
      669   -5.86164990582         7.31653506665         0.00000000000     
      670   -5.74600363073         7.40770323891         0.00000000000     
      671   -5.62893961523         7.49704367122         0.00000000000     
      672   -5.51048674312         7.58453432017         0.00000000000     
      673   -5.39067424088         7.67015359877         0.00000000000     
      674   -5.26953167046         7.75388038172         0.00000000000     
      675   -5.14708892196         7.83569401071         0.00000000000     
      676   -5.02337620630         7.91557429944         0.00000000000     
      677   -4.89842404774         7.99350153866         0.00000000000     
      678   -4.77226327635         8.06945650098         0.00000000000     
      679   -4.64492502041         8.14342044566         0.00000000000     
      680   -4.51644069872         8.21537512320         0.00000000000     

   NODE        X                   Y                   Z
      681   -4.38684201288         8.28530277987         0.00000000000     
      682   -4.25616093940         8.35318616205         0.00000000000     
      683   -4.12442972188         8.41900852056         0.00000000000     
      684   -3.99168086303         8.48275361470         0.00000000000     
      685   -3.85794711664         8.54440571633         0.00000000000     
      686   -3.72326147950         8.60394961371         0.00000000000     
      687   -3.58765718327         8.66137061528         0.00000000000     
      688   -3.45116768630         8.71665455327         0.00000000000     
      689   -3.31382666531         8.76978778719         0.00000000000     
      690   -3.17566800716         8.82075720719         0.00000000000     
      691   -3.03672580044         8.86955023735         0.00000000000     
      692   -2.89703432706         8.91615483871         0.00000000000     
      693   -2.75662805381         8.96055951227         0.00000000000     
      694   -2.61554162388         9.00275330184         0.00000000000     
      695   -2.47380984823         9.04272579673         0.00000000000     
      696   -2.33146769711         9.08046713431         0.00000000000     
      697   -2.18855029134         9.11596800248         0.00000000000     
      698   -2.04509289370         9.14921964192         0.00000000000     
      699   -1.90113090021         9.18021384829         0.00000000000     
      700   -1.75669983141         9.20894297422         0.00000000000     

   NODE        X                   Y                   Z
      701   -1.61183532356         9.23539993123         0.00000000000     
      702   -1.46657311815         9.25957819175         0.00000000000     
      703   -1.32094905776         9.28147178990         0.00000000000     
      704   -1.17499907296         9.30107532378         0.00000000000     
      705   -1.02875917473         9.31838395648         0.00000000000     
      706  -0.882265445554         9.33339341738         0.00000000000     
      707  -0.735554030584         9.34610000311         0.00000000000     
      708  -0.588661128665         9.35650057851         0.00000000000     
      709  -0.441622983419         9.36459257739         0.00000000000     
      710  -0.294475874311         9.37037400318         0.00000000000     
      711  -0.147256107687         9.37384342939         0.00000000000     
      712   -9.24885885045        0.145292685201         0.00000000000     
      713   -9.24543568338        0.290549521607         0.00000000000     
      714   -9.23973134339        0.435734669265         0.00000000000     
      715   -9.23174723794        0.580812305914         0.00000000000     
      716   -9.22148533700        0.725746635817         0.00000000000     
      717   -9.20894817254        0.870501898597         0.00000000000     
      718   -9.19413883791         1.01504237806         0.00000000000     
      719   -9.17706098709         1.15933241100         0.00000000000     
      720   -9.15771883379         1.30333639602         0.00000000000     

   NODE        X                   Y                   Z
      721   -9.13611715040         1.44701880228         0.00000000000     
      722   -9.11226126680         1.59034417831         0.00000000000     
      723   -9.08615706933         1.73327715944         0.00000000000     
      724   -9.05781099853         1.87578248071         0.00000000000     
      725   -9.02723004837         2.01782498099         0.00000000000     
      726   -8.99442176423         2.15936961337         0.00000000000     
      727   -8.95939424109         2.30038145376         0.00000000000     
      728   -8.92215612145         2.44082570957         0.00000000000     
      729   -8.88271659327         2.58066772824         0.00000000000     
      730   -8.84108538768         2.71987300582         0.00000000000     
      731   -8.79727277655         2.85840719545         0.00000000000     
      732   -8.75128956999         2.99623611589         0.00000000000     
      733   -8.70314711368         3.13332575990         0.00000000000     
      734   -8.65285728605         3.26964230265         0.00000000000     
      735   -8.60043249536         3.40515211007         0.00000000000     
      736   -8.54588567666         3.53982174713         0.00000000000     
      737   -8.48923028855         3.67361798612         0.00000000000     
      738   -8.43048030991         3.80650781482         0.00000000000     
      739   -8.36965023640         3.93845844466         0.00000000000     
      740   -8.30675507695         4.06943731878         0.00000000000     

   NODE        X                   Y                   Z
      741   -8.24181035000         4.19941212013         0.00000000000     
      742   -8.17483207967         4.32835077936         0.00000000000     
      743   -8.10583679186         4.45622148280         0.00000000000     
      744   -8.03484151012         4.58299268026         0.00000000000     
      745   -7.96186375146         4.70863309286         0.00000000000     
      746   -7.88692152206         4.83311172071         0.00000000000     
      747   -7.81003331279         4.95639785057         0.00000000000     
      748   -7.73121809466         5.07846106343         0.00000000000     
      749   -7.65049531415         5.19927124203         0.00000000000     
      750   -7.56788488838         5.31879857827         0.00000000000     
      751   -7.48340720026         5.43701358056         0.00000000000     
      752   -7.39708309337         5.55388708112         0.00000000000     
      753   -7.30893386690         5.66939024316         0.00000000000     
      754   -7.21898127036         5.78349456801         0.00000000000     
      755   -7.12724749820         5.89617190213         0.00000000000     
      756   -7.03375518435         6.00739444406         0.00000000000     
      757   -6.93852739666         6.11713475132         0.00000000000     
      758   -6.84158763114         6.22536574712         0.00000000000     
      759   -6.74295980624         6.33206072708         0.00000000000     
      760   -6.64266825690         6.43719336581         0.00000000000     

   NODE        X                   Y                   Z
      761   -6.54073772856         6.54073772339         0.00000000000     
      762   -6.43719337105         6.64266825182         0.00000000000     
      763   -6.33206073241         6.74295980124         0.00000000000     
      764   -6.22536575253         6.84158762622         0.00000000000     
      765   -6.11713475681         6.93852739182         0.00000000000     
      766   -6.00739444964         7.03375517959         0.00000000000     
      767   -5.89617190778         7.12724749352         0.00000000000     
      768   -5.78349457375         7.21898126576         0.00000000000     
      769   -5.66939024898         7.30893386239         0.00000000000     
      770   -5.55388708702         7.39708308893         0.00000000000     
      771   -5.43701358655         7.48340719590         0.00000000000     
      772   -5.31879858434         7.56788488412         0.00000000000     
      773   -5.19927124819         7.65049530996         0.00000000000     
      774   -5.07846106966         7.73121809057         0.00000000000     
      775   -4.95639785688         7.81003330878         0.00000000000     
      776   -4.83311172710         7.88692151814         0.00000000000     
      777   -4.70863309933         7.96186374764         0.00000000000     
      778   -4.58299268680         8.03484150638         0.00000000000     
      779   -4.45622148941         8.10583678822         0.00000000000     
      780   -4.32835078604         8.17483207613         0.00000000000     

   NODE        X                   Y                   Z
      781   -4.19941212687         8.24181034656         0.00000000000     
      782   -4.06943732559         8.30675507362         0.00000000000     
      783   -3.93845845153         8.36965023317         0.00000000000     
      784   -3.80650782175         8.43048030678         0.00000000000     
      785   -3.67361799310         8.48923028553         0.00000000000     
      786   -3.53982175416         8.54588567375         0.00000000000     
      787   -3.40515211715         8.60043249256         0.00000000000     
      788   -3.26964230978         8.65285728336         0.00000000000     
      789   -3.13332576707         8.70314711110         0.00000000000     
      790   -2.99623612310         8.75128956752         0.00000000000     
      791   -2.85840720270         8.79727277419         0.00000000000     
      792   -2.71987301310         8.84108538544         0.00000000000     
      793   -2.58066773556         8.88271659115         0.00000000000     
      794   -2.44082571692         8.92215611944         0.00000000000     
      795   -2.30038146115         8.95939423919         0.00000000000     
      796   -2.15936962079         8.99442176245         0.00000000000     
      797   -2.01782498845         9.02723004670         0.00000000000     
      798   -1.87578248821         9.05781099698         0.00000000000     
      799   -1.73327716699         9.08615706789         0.00000000000     
      800   -1.59034418591         9.11226126548         0.00000000000     

   NODE        X                   Y                   Z
      801   -1.44701880991         9.13611714919         0.00000000000     
      802   -1.30333640366         9.15771883271         0.00000000000     
      803   -1.15933241866         9.17706098612         0.00000000000     
      804   -1.01504238573         9.19413883706         0.00000000000     
      805  -0.870501906279         9.20894817181         0.00000000000     
      806  -0.725746643510         9.22148533640         0.00000000000     
      807  -0.580812313616         9.23174723746         0.00000000000     
      808  -0.435734676974         9.23973134302         0.00000000000     
      809  -0.290549529320         9.24543568314         0.00000000000     
      810  -0.145292692917         9.24885885033         0.00000000000     
      811   -9.12387427139        0.143329270536         0.00000000000     
      812   -9.12049736333        0.286623176720         0.00000000000     
      813   -9.11487010902        0.429846362924         0.00000000000     
      814   -9.10699389689        0.572963490969         0.00000000000     
      815   -9.09687067029        0.715939248846         0.00000000000     
      816   -9.08450292697        0.858738359427         0.00000000000     
      817   -9.06989371848         1.00132558917         0.00000000000     
      818   -9.05304664943         1.14366575680         0.00000000000     
      819   -9.03396587658         1.28572374202         0.00000000000     
      820   -9.01265610783         1.42746449415         0.00000000000     

   NODE        X                   Y                   Z
      821   -8.98912260104         1.56885304077         0.00000000000     
      822   -8.96337116299         1.70985449512         0.00000000000     
      823   -8.93540814720         1.85043406880         0.00000000000     
      824   -8.90524045312         1.99055707584         0.00000000000     
      825   -8.87287552417         2.13018894291         0.00000000000     
      826   -8.83832134594         2.26929521790         0.00000000000     
      827   -8.80158644413         2.40784157836         0.00000000000     
      828   -8.76267988255         2.54579384002         0.00000000000     
      829   -8.72161126082         2.68311796520         0.00000000000     
      830   -8.67839071200         2.81978007119         0.00000000000     
      831   -8.63302890013         2.95574643865         0.00000000000     
      832   -8.58553701755         3.09098351990         0.00000000000     
      833   -8.53592678218         3.22545794721         0.00000000000     
      834   -8.48421043461         3.35913654101         0.00000000000     
      835   -8.43040073508         3.49198631812         0.00000000000     
      836   -8.37451096033         3.62397449982         0.00000000000     
      837   -8.31655490031         3.75506852003         0.00000000000     
      838   -8.25654685483         3.88523603324         0.00000000000     
      839   -8.19450162997         4.01444492258         0.00000000000     
      840   -8.13043453446         4.14266330769         0.00000000000     

   NODE        X                   Y                   Z
      841   -8.06436137589         4.26985955261         0.00000000000     
      842   -7.99629845684         4.39600227357         0.00000000000     
      843   -7.92626257079         4.52106034674         0.00000000000     
      844   -7.85427099806         4.64500291593         0.00000000000     
      845   -7.78034150149         4.76779940016         0.00000000000     
      846   -7.70449232208         4.88941950123         0.00000000000     
      847   -7.62674217446         5.00983321122         0.00000000000     
      848   -7.54711024233         5.12901081984         0.00000000000     
      849   -7.46561617368         5.24692292180         0.00000000000     
      850   -7.38228007593         5.36354042406         0.00000000000     
      851   -7.29712251103         5.47883455299         0.00000000000     
      852   -7.21016449032         5.59277686149         0.00000000000     
      853   -7.12142746941         5.70533923601         0.00000000000     
      854   -7.03093334282         5.81649390345         0.00000000000     
      855   -6.93870443862         5.92621343806         0.00000000000     
      856   -6.84476351292         6.03447076820         0.00000000000     
      857   -6.74913374423         6.14123918297         0.00000000000     
      858   -6.65183872777         6.24649233888         0.00000000000     
      859   -6.55290246964         6.35020426627         0.00000000000     
      860   -6.45234938087         6.45234937578         0.00000000000     

   NODE        X                   Y                   Z
      861   -6.35020427145         6.55290246463         0.00000000000     
      862   -6.24649234413         6.65183872284         0.00000000000     
      863   -6.14123918831         6.74913373938         0.00000000000     
      864   -6.03447077361         6.84476350814         0.00000000000     
      865   -5.92621344356         6.93870443392         0.00000000000     
      866   -5.81649390903         7.03093333820         0.00000000000     
      867   -5.70533924167         7.12142746487         0.00000000000     
      868   -5.59277686724         7.21016448587         0.00000000000     
      869   -5.47883455882         7.29712250665         0.00000000000     
      870   -5.36354042997         7.38228007163         0.00000000000     
      871   -5.24692292779         7.46561616947         0.00000000000     
      872   -5.12901082591         7.54711023821         0.00000000000     
      873   -5.00983321737         7.62674217042         0.00000000000     
      874   -4.88941950746         7.70449231813         0.00000000000     
      875   -4.76779940646         7.78034149763         0.00000000000     
      876   -4.64500292231         7.85427099429         0.00000000000     
      877   -4.52106035320         7.92626256711         0.00000000000     
      878   -4.39600228009         7.99629845325         0.00000000000     
      879   -4.26985955920         8.06436137240         0.00000000000     
      880   -4.14266331435         8.13043453107         0.00000000000     

   NODE        X                   Y                   Z
      881   -4.01444492930         8.19450162668         0.00000000000     
      882   -3.88523604002         8.25654685164         0.00000000000     
      883   -3.75506852686         8.31655489723         0.00000000000     
      884   -3.62397450671         8.37451095735         0.00000000000     
      885   -3.49198632505         8.43040073221         0.00000000000     
      886   -3.35913654800         8.48421043185         0.00000000000     
      887   -3.22545795424         8.53592677953         0.00000000000     
      888   -3.09098352697         8.58553701500         0.00000000000     
      889   -2.95574644576         8.63302889769         0.00000000000     
      890   -2.81978007833         8.67839070968         0.00000000000     
      891   -2.68311797238         8.72161125861         0.00000000000     
      892   -2.54579384724         8.76267988046         0.00000000000     
      893   -2.40784158561         8.80158644215         0.00000000000     
      894   -2.26929522519         8.83832134406         0.00000000000     
      895   -2.13018895024         8.87287552242         0.00000000000     
      896   -1.99055708320         8.90524045147         0.00000000000     
      897   -1.85043407621         8.93540814567         0.00000000000     
      898   -1.70985450257         8.96337116157         0.00000000000     
      899   -1.56885304827         8.98912259973         0.00000000000     
      900   -1.42746450166         9.01265610664         0.00000000000     

   NODE        X                   Y                   Z
      901   -1.28572374956         9.03396587551         0.00000000000     
      902   -1.14366576435         9.05304664847         0.00000000000     
      903   -1.00132559673         9.06989371764         0.00000000000     
      904  -0.858738367005         9.08450292625         0.00000000000     
      905  -0.715939256436         9.09687066969         0.00000000000     
      906  -0.572963498567         9.10699389641         0.00000000000     
      907  -0.429846370528         9.11487010866         0.00000000000     
      908  -0.286623184329         9.12049736309         0.00000000000     
      909  -0.143329278148         9.12387427127         0.00000000000     

